58 -11
-27 29
-65 17
-93 -29
-44 44
-78 84
-93 26
5 -75
54 -27
-77 -76
-4 99
60 81
73 -99
-45 -51
77 78
61 -58
-95 -53
-62 -2
73 88
-40 66
-15 -45
-7 -46
50 12
-80 64
-84 -55
-48 82
-63 12
-34 58
29 -8
56 -67
-38 57
-6 -22
82 79
78 59
-12 -94
-49 65
-87 -43
38 -60
6 5
-70 -39
80 -9
-67 31
25 79
-96 -7
81 -21
69 -20
-68 -74
3 27
61 -86
-29 70
33 -39
-24 -90
94 -14
69 80
73 -75
-48 -77
-39 -6
-47 71
24 62
52 -97
74 -15
78 -91
-64 70
32 86
53 -90
-21 -9
-66 -40
28 19
-85 -78
37 -62
-90 -76
19 55
-73 45
-81 38
72 32
-97 99
-38 -32
95 -52
-18 -34
73 -77
53 82
-73 63
46 60
89 -99
66 34
56 2
-76 13
93 50
65 -77
81 -10
51 94
-86 -80
-93 -20
-71 65
-35 -21
-64 48
-51 13
-15 -72
97 56
-92 -34
56 -83
71 -62
76 1
74 48
-26 -56
-17 -41
-15 -18
-28 59
68 -94
55 -34
30 -77
36 -13
-3 -92
-48 11
-72 65
53 -92
-86 15
34 33
-77 75
-56 6
5 -19
-9 -80
95 76
-38 66
-59 26
-40 90
-100 42
35 32
-19 -16
40 68
-52 -37
19 9
-9 -25
-55 69
47 39
36 92
61 -51
60 -51
32 15
-9 21
45 -14
-31 2
4 62
-93 -29
79 -98
-49 38
-66 -24
-42 -58
61 81
29 20
30 -8
-81 2
90 -33
-71 51
81 -14
99 66
93 -81
-77 62
93 -84
-96 28
-33 73
90 45
-13 97
58 -15
91 18
-13 51
86 70
90 -48
-33 67
12 -63
33 -44
-10 -8
-98 -15
45 -86
-47 -5
-52 45
76 -100
-48 57
2 -26
-86 92
8 43
59 -37
99 -52
79 -78
-71 70
-5 -74
4 67
94 -89
-17 -3
42 -98
-48 43
-68 -5
-31 42
74 86
17 -67
49 92
52 20
28 89
-4 -74
-7 54
6 22
85 -18
-100 -78
-60 -91
-95 -59
-27 -96
31 -88
40 65
11 -36
94 -44
-26 92
4 96
-80 2
-26 84
-62 -96
15 -43
-96 88
-5 29
57 50
-6 -54
1 64
80 -24
59 45
-39 39
79 63
-22 -69
-69 -64
-21 13
-83 89
-39 -2
48 -44
71 -100
25 -84
-100 43
16 -90
-93 60
69 47
55 9
-88 -72
-64 -25
-59 34
-96 -25
26 -17
-75 67
8 82
12 68
-12 95
-2 -55
93 80
51 43
45 17
-78 69
55 17
-38 -17
-19 70
1 89
53 85
-43 -87
-49 -4
-26 -59
90 -68
-65 34
-2 -61
-28 73
-51 9
15 -69
-24 -7
30 23
11 -66
19 -92
-79 41
-15 37
-19 22
-85 3
38 -16
93 -3
6 9
52 12
-19 -12
-29 16
-55 -12
-67 71
-45 -31
12 -41
-45 34
2 -83
76 -35
-80 -51
47 -3
-48 75
-76 68
-65 65
16 -82
25 67
41 -82
-59 -77
63 -97
62 32
7 13
-18 -88
-90 55
-52 -96
82 76
20 -60
-11 3
65 84
-64 -4
-9 -23
-48 -32
-45 -63
43 45
18 -63
-8 -22
-47 73
3 -13
41 -67
-85 -61
64 -32
20 -69
83 40
-3 -15
-23 -62
-47 -43
87 -33
11 -15
-21 -61
-42 -55
-32 -35
-63 -90
11 3
22 47
36 -98
61 31
68 96
31 -77
56 -79
-16 15
39 -42
-33 -20
84 -66
-9 86
-38 -83
-93 1
74 69
71 -1
-69 9
19 -20
-83 50
48 -25
-24 21
-12 91
35 -13
29 -42
55 43
5 -90
97 57
-74 -23
-88 35
-16 19
94 -41
57 99
-76 -69
92 -54
1 -96
-3 89
9 92
-97 -38
45 -1
-49 74
-12 49
46 -69
-37 60
2 -27
-18 -58
-33 -18
-35 -71
-20 -84
64 -11
66 3
-5 -18
56 50
-54 16
1 -96
53 63
32 12
-16 10
-69 -55
13 25
35 -36
29 18
63 -41
36 -86
24 -20
11 87
-2 -45
33 47
-22 -95
92 96
85 47
-41 -3
19 18
9 55
97 54
98 -65
3 -62
54 2
74 76
19 -4
-86 -69
91 -80
-7 66
-35 -24
78 37
-69 -75
-48 17
40 87
-96 -69
98 -56
50 80
-83 69
-18 -24
-16 -40
0 -69
72 1
-14 -4
81 53
55 -62
-96 53
-47 -67
76 -40
22 72
82 86
-3 67
-3 43
77 -26
46 -67
-86 -78
38 -83
-19 -96
75 47
65 30
39 56
35 86
-69 65
-74 -55
91 16
-96 56
-54 9
-7 -2
62 33
33 -72
23 -89
49 48
39 33
0 87
-29 -52
-43 -72
-6 92
-67 -75
-50 11
35 31
16 32
-17 -71
-71 -43
75 -72
23 83
-58 -59
-86 36
-94 27
-93 86
-53 -2
-35 -61
73 42
-41 75
-38 -46
-24 -33
-53 -49
98 -99
12 91
28 19
19 -19
57 -29
-37 -13
-94 -85
-86 57
85 5
-82 -37
-37 -63
-34 -24
58 41
70 -47
95 21
52 -44
36 91
-57 -88
-76 -85
99 -13
-33 65
41 94
76 -14
35 -57
60 4
-32 70
-52 83
87 61
35 -65
-68 87
48 -35
-14 -65
19 -93
51 -85
71 -98
33 70
6 31
96 -2
-5 -28
0 -28
-95 27
-8 -9
-47 81
-93 52
-96 -18
-24 89
83 -89
38 -99
-22 5
-25 69
34 20
-29 58
71 -2
-36 17
87 -12
-35 -37
35 60
81 -79
73 95
82 37
99 98
-89 -11
25 44
87 -6
92 94
-81 90
97 31
37 -15
-44 34
19 55
17 -10
65 15
-83 -87
-46 -78
-70 17
-72 -17
23 37
69 36
8 81
-68 -73
11 69
24 92
-31 -26
-34 -96
-78 -5
65 -61
-25 -74
-80 9
-68 -5
-29 12
-11 64
-37 -25
66 36
-33 -41
61 -99
76 -26
1 -8
-56 47
65 73
-54 42
46 -51
99 35
52 89
-93 -4
17 -40
3 -87
9 19
37 46
5 -51
-75 32
-93 -94
-58 -79
18 -10
37 82
82 -28
43 -42
-51 29
65 -60
64 28
23 77
28 70
42 1
-3 63
64 81
55 -3
-58 16
48 13
35 40
-93 78
-83 -39
-48 -75
13 -55
16 -56
63 80
54 -4
82 77
25 -52
-96 -64
-36 41
24 54
26 55
-74 -15
-71 -73
10 35
93 -75
-68 86
11 -39
25 3
-43 -4
84 -48
-100 83
-73 -42
15 -36
90 -1
8 -2
-25 -34
-46 -38
35 -4
98 -72
-85 -11
33 -73
87 28
-36 96
-35 -37
23 1
79 68
56 -29
54 42
27 67
70 64
-64 -89
-73 -6
49 66
31 -52
26 -72
4 -72
-20 -5
19 72
96 -1
94 18
98 27
76 -93
19 7
9 82
7 92
69 -70
-42 -50
-47 22
-100 -8
79 -3
-36 -83
37 -6
96 51
-13 -40
52 82
46 -72
73 -49
66 9
-66 -81
75 -58
-44 48
40 34
-41 -26
70 -70
-58 96
71 3
20 -3
-46 81
89 -19
-89 68
-80 -51
-70 25
-55 40
-43 -94
-16 44
-12 81
16 37
-60 15
-24 -98
-65 22
80 -44
-82 55
-90 -58
8 -25
96 84
19 52
-92 -93
-79 -93
18 -85
-11 18
-83 63
45 -2
8 90
87 82
-44 38
5 87
-54 -11
87 63
-69 -25
15 -98
-68 81
-91 0
-76 35
72 8
15 -67
97 -39
13 17
4 -83
10 19
-53 -81
-45 25
-81 -42
-22 31
6 19
-80 -43
76 -58
-1 -14
-15 -65
53 -55
-27 72
-82 -22
-33 -77
41 -56
-27 29
84 69
-48 11
-72 -5
47 7
61 51
-79 -7
-71 -47
-13 -43
-44 54
61 -74
-69 -31
-37 -35
-54 -26
-99 76
-42 95
16 -66
-43 76
35 -50
-96 -36
-86 -96
39 78
-27 -99
-77 80
43 65
90 -91
66 86
-18 -53
-3 14
5 87
-35 53
-7 70
-51 66
-65 87
-65 -48
17 -63
-47 91
40 57
-14 -47
95 -38
-58 -35
31 -64
85 -52
-71 29
51 -90
-21 -80
45 -83
99 -40
10 69
28 7
66 -65
45 -10
-53 53
56 75
-54 25
60 -57
19 -57
45 99
-78 -44
84 -100
37 5
-64 -76
72 -3
-8 -65
92 -21
-54 17
25 -13
-4 -94
20 -60
89 -68
-8 -46
-17 -75
-51 -64
0 1
-28 -100
-62 -46
84 28
70 -40
99 20
17 49
-39 20
82 66
-21 -57
18 -69
47 38
-22 81
-33 52
8 -17
-78 -89
74 36
96 90
63 92
-59 91
32 97
17 -65
-93 -100
23 -61
70 72
-29 17
45 -94
18 -31
54 33
21 -43
86 -68
-81 -13
-62 87
45 81
53 -29
56 90
24 -13
10 21
14 11
31 -22
-43 -73
81 35
-89 4
-34 68
-82 26
-65 -70
-30 84
-95 -1
77 -71
97 -81
-45 41
-15 -1
-85 -19
92 -43
-5 96
55 -57
-99 -57
99 59
-50 -16
-25 33
21 77
63 -74
-65 26
19 40
-18 -90
44 -16
13 11
-77 16
41 -18
20 30
12 -92
-28 -79
71 92
-72 -73
85 -54
-51 -7
54 -36
-2 -23
78 -41
-37 -12
61 -49
74 -15
-48 -29
29 -10
-80 -17
-83 68
63 45
-80 12
4 42
-45 -58
-2 -9
55 -64
61 -49
29 -51
-87 45
37 -18
-82 -69
69 -39
-66 87
68 0
-38 37
-93 1
-72 -20
29 -91
-57 85
73 -64
-96 -79
89 -31
-5 37
23 -99
41 -20
-24 -26
45 34
49 31
76 59
-22 17
73 54
80 60
-16 -47
-93 -20
21 20
-95 -73
72 0
-22 97
-59 -1
65 -4
-37 66
58 81
-39 32
55 -6
31 97
-67 -16
7 -45
-37 -51
-60 -71
85 -58
30 -57
-20 -80
-25 -52
2 -55
-44 52
-11 -24
94 82
-47 -93
96 98
-1 51
-3 13
49 24
-13 21
20 16
-63 -72
56 -88
13 22
66 -80
-14 38
6 -88
-71 10
-63 78
7 56
-11 24
-98 -45
-47 -59
29 -66
44 -84
-7 56
32 54
27 86
-93 -73
95 -23
63 -29
-84 -67
20 -43
-8 -13
21 87
-24 70
-84 31
-69 96
14 81
75 15
-17 -21
78 50
26 30
-95 52
-16 -57
2 -91
83 -70
92 -83
----
8 68
35 95
49 -59
12 56
39 23
39 -100
22 31
-28 -74
-49 -20
93 -16
-7 -34
6 90
-48 40
-97 -22
-16 -34
87 85
38 -86
-13 45
-54 80
65 -59
66 -79
-90 -97
90 -96
-70 52
71 -24
58 2
-64 8
24 -58
-38 44
43 -92
-62 -66
-28 -27
35 54
-39 7
-56 26
79 -29
14 52
17 -29
-45 2
99 -53
10 -50
6 -92
8 -16
48 -70
-11 -55
-18 2
-63 57
-98 32
49 37
-32 -64
42 22
8 -56
-3 -14
88 -16
91 -48
86 60
44 -4
-2 87
27 -37
64 -50
-95 -69
-82 99
-56 -23
-66 57
49 85
21 18
-67 63
4 88
42 -38
10 -79
-4 -36
-62 -64
-42 22
57 40
-42 -85
-96 -15
72 -83
-69 11
4 9
99 -81
-48 -70
34 -95
30 -32
26 81
91 10
-55 -36
53 42
54 40
92 81
41 22
20 -7
-1 34
80 -64
45 -84
31 93
-16 -67
-37 -9
69 -35
30 -68
5 89
95 75
49 47
69 39
32 -70
-37 -9
18 22
67 -23
-1 58
31 99
-75 -6
22 10
-51 98
-74 -89
-99 -39
72 -12
-90 59
-25 51
26 44
44 51
64 -59
3 15
52 -60
-26 61
-35 85
91 -89
34 30
-93 -89
-33 -15
25 50
21 58
37 -30
-43 75
-19 58
-53 -84
50 54
-86 80
-65 83
90 -94
57 -92
23 -35
45 -84
-30 61
53 -21
51 -37
-17 -59
-82 93
-70 -94
3 -67
-42 77
59 16
13 -52
-66 -64
96 54
-5 -77
-80 -40
27 17
-74 -45
-88 21
-100 -5
-79 -99
-94 83
32 9
35 -80
49 -72
-20 57
48 80
-52 -93
51 -4
81 -67
64 99
84 27
-57 -77
13 1
66 74
93 81
-68 63
55 58
9 30
15 24
0 75
-96 -34
43 -38
12 47
-32 -81
4 15
39 66
30 -78
-83 -22
39 9
96 -66
-47 75
-65 -1
25 84
-75 -10
-2 -79
81 -44
32 88
95 17
84 81
10 66
-67 47
-31 -23
-59 -34
-68 33
41 -70
90 -94
28 -34
22 -72
-70 -56
37 27
22 77
21 -18
34 -17
-67 41
-73 -1
-6 58
99 -71
-100 6
6 57
-43 -42
52 -9
49 -33
-69 75
28 -34
-34 66
-13 40
-57 82
-57 -44
-74 86
43 58
-68 -10
6 -59
36 -69
-94 -2
-34 -85
22 -27
86 -22
75 -70
-72 -47
-49 59
55 67
-26 -40
-88 53
14 -84
85 44
-20 19
-86 -1
-74 -39
85 7
30 99
68 -71
99 -49
-56 -86
53 65
-93 -87
-73 72
34 83
-97 -36
-84 -55
-71 83
16 90
12 22
35 -97
-42 -13
-48 13
-56 21
23 -48
91 25
68 -77
-85 98
99 49
-92 72
16 7
84 -69
-5 61
-55 39
-23 47
-17 77
16 -23
15 -59
55 -34
13 -7
68 6
-51 -18
92 -23
-4 92
-71 -69
83 66
81 40
-95 -73
-81 -73
91 -10
-32 4
-57 75
69 -87
-91 -10
7 74
-58 33
-64 15
-97 -91
-42 1
-62 -82
-36 -48
9 -55
63 16
96 75
-29 -12
-79 28
-26 -78
-75 -37
-37 -27
13 79
-33 -95
-15 -46
89 -50
30 -34
36 96
69 17
88 73
-75 -85
95 97
-88 -48
-84 -67
-81 -81
52 14
-42 -86
-11 39
46 85
87 -41
50 -41
67 -46
-44 13
86 30
-61 -25
19 4
39 1
96 -91
-32 -35
-39 -40
62 -66
86 -34
2 -26
92 15
76 97
-51 84
29 28
-78 66
-52 40
41 -2
-34 -15
94 44
0 -52
74 57
-83 -20
-30 -19
23 26
-3 16
-28 1
52 81
21 -30
54 -59
-75 35
74 -90
-22 -70
60 28
24 62
94 -24
-61 -59
66 -47
0 -66
-2 -5
26 68
-40 -97
-69 6
-7 47
87 59
77 96
31 52
19 64
-26 63
-21 86
19 41
56 61
32 -80
-24 -69
34 -1
-19 -14
71 -42
14 -44
-26 71
79 71
36 -87
41 65
84 98
45 -13
22 -99
79 36
55 12
76 85
-88 -1
-30 -90
-70 -38
-88 -12
-22 -9
-76 -28
-62 -38
-10 2
84 8
-50 6
-100 91
76 33
-25 89
8 33
19 44
31 -41
-18 29
-56 75
0 68
40 -26
-100 -47
-14 -7
73 -27
-52 -41
10 -23
52 -53
-39 -30
84 -80
23 36
35 -59
53 -22
68 33
60 65
89 8
-82 14
-99 -84
67 76
5 46
4 -18
60 -98
40 -51
-78 -58
92 -17
97 -88
45 -77
-48 64
-67 -2
20 21
-15 53
33 -92
-17 40
-59 96
-25 36
-21 -15
64 -63
16 -60
76 33
1 4
-44 25
41 -24
67 76
63 94
-38 -63
83 -32
-45 83
-39 51
49 51
18 99
-93 -74
67 -44
-97 11
-52 7
7 -88
87 0
97 -85
-35 59
-88 -44
-59 7
76 -54
33 -63
52 -90
-71 81
75 64
-10 -75
-86 1
-4 -71
57 -16
-28 -45
28 -44
-14 -50
-51 -17
-29 -60
18 1
39 -7
10 -89
-78 61
-7 29
3 93
-19 -34
31 42
21 62
-15 -5
18 -65
-99 27
83 85
78 20
59 -17
88 -31
39 89
-37 -26
-75 97
14 -98
-22 35
36 -72
81 -21
74 -39
24 43
28 -13
97 76
21 -18
-1 -89
9 24
-67 2
-99 -90
41 -67
-46 -8
-97 -43
17 24
-53 -17
-84 82
-1 73
46 4
-89 16
96 -85
54 0
-28 62
-32 80
74 -87
-13 89
69 76
34 26
-13 47
-75 -19
-43 -33
-74 -97
-61 14
59 38
82 26
-35 -96
13 16
5 85
-45 -60
60 -9
-77 -77
-17 3
-63 -43
13 -60
-52 73
-14 98
-21 29
-41 29
89 50
-39 58
-97 29
97 -53
48 -17
-24 -47
-30 49
-30 -54
86 33
-42 -66
83 23
66 81
-100 18
-10 -91
-60 -33
25 84
-44 76
95 4
79 -98
-13 -6
-75 -65
55 54
81 -40
69 -2
2 -61
-89 45
-29 -76
45 -35
84 -21
58 -16
-61 88
-93 -19
57 -8
96 -6
53 65
-33 84
-54 64
-91 47
68 -88
-100 40
49 91
6 -99
-45 79
12 -68
-70 30
20 -1
-56 -98
-46 -63
-72 -27
96 -12
-37 -26
45 37
71 -73
-1 7
-85 97
-3 71
-22 -82
35 -52
-19 -95
-75 77
79 64
-37 -77
-55 68
40 -57
9 71
18 -6
-84 11
-24 -26
-54 69
-71 -72
-20 -95
-84 -68
-68 48
-79 -74
-33 -94
55 -78
-52 -82
9 -1
-90 21
-9 -97
-14 -44
97 -57
-21 -97
55 66
42 -40
-99 11
76 97
-3 73
47 -69
91 -4
46 14
76 3
-84 -4
-54 97
-98 76
-37 24
-23 -74
41 -76
-93 72
53 -71
93 -46
-16 -94
-96 -56
-54 -50
20 35
51 79
30 95
-44 72
-21 -6
-73 82
56 57
63 65
97 -24
-66 49
-45 -27
65 75
-23 61
3 -9
-70 69
-2 72
-51 95
-23 -33
-76 -17
94 -18
69 68
44 13
45 70
-28 -65
-10 18
-91 28
-91 -4
94 -53
69 76
2 68
-9 64
42 10
96 -45
33 60
-20 -4
40 13
-18 51
79 -13
28 -48
-71 6
-12 -32
-100 11
60 70
62 52
-99 -71
-3 -52
81 -75
90 -96
-74 -67
16 -10
-63 12
55 94
77 -5
-55 -43
16 7
18 16
46 95
-21 -77
63 -69
49 -74
-8 80
59 -50
98 -8
31 -44
61 75
-40 -6
35 39
-31 76
12 -94
33 -36
24 4
-65 -7
11 80
1 86
45 67
-60 95
-17 -10
97 -44
52 4
95 -15
63 88
-4 41
-54 -77
81 -93
25 3
10 57
-3 -15
1 88
44 -34
38 -83
91 45
11 94
34 -35
-90 -55
42 -88
-77 -92
-89 -52
0 35
-93 -6
-54 -13
99 -7
-40 -58
-44 -17
-3 98
88 -92
12 -14
66 77
-6 -82
-23 2
-93 80
-88 36
-35 13
-21 2
46 -51
84 66
80 -50
-81 -50
-82 -3
-16 -32
37 -50
68 -88
-44 33
0 36
-58 -67
53 -18
-43 5
-14 -34
-25 -37
-72 47
62 54
37 -52
-86 -78
-73 -39
-33 15
59 97
33 -92
64 56
-88 -100
-21 31
-88 42
-40 12
-5 1
8 -25
64 53
75 54
-32 37
6 83
13 20
97 -66
6 -61
-31 26
-26 56
49 -52
40 29
-47 -25
83 -3
35 -81
-7 -75
52 12
13 51
-3 14
39 -96
28 95
2 81
-57 -8
-98 -55
-75 73
-27 33
-63 38
52 -40
35 -66
-1 0
70 70
-98 -13
-11 -13
67 -15
20 54
41 55
87 -30
-73 53
46 59
-15 61
-28 38
-28 62
45 60
88 -86
60 -47
-84 -38
-86 -61
-67 57
93 -85
-9 56
25 17
24 -29
-69 18
46 67
10 99
13 76
48 37
-73 -68
-2 -61
41 29
-1 52
25 -33
37 -22
40 48
-64 -30
59 31
-33 29
-64 55
-87 -99
31 -73
-87 -79
3 60
39 -60
14 -23
-89 -99
-41 53
-27 61
-44 72
91 -43
33 52
78 98
30 -60
-61 82
8 -81
1 -28
-82 -3
8 13
15 -22
-51 64
27 -3
64 -37
36 -65
-90 -95
-43 6
-28 -36
63 56
-33 78
-51 -85
-10 -38
21 57
31 -6
75 39
82 61
-56 59
-55 78
22 -73
29 -64
87 14
-39 -5
-70 -67
25 -98
47 -63
8 -38
-70 29
-36 -1
87 87
-58 70
65 -30
-13 97
-48 -52
61 -3
-40 -7
41 36
-74 -70
91 34
54 95
-68 -12
-69 29
47 38
-70 20
31 15
-5 45
91 35
84 58
-29 16
-73 -37
-58 81
-28 -73
41 -47
-5 72
-65 99
38 29
45 92
55 54
38 -65
23 49
66 32
17 -54
-98 14
2 -94
51 -33
59 -26
7 -10
52 -49
-85 -96
87 -7
-58 -42
-16 32
76 65
-100 98
80 -70
-80 -65
93 -23
-3 10
-36 -74
-75 -73
50 -11
-80 67
-61 -37
-78 -46
-60 3
38 34
-52 -71
7 8
-53 84
-31 -64
13 4
-74 21
-53 24
-19 -70
93 -59
87 89
78 60
43 53
-62 17
-7 13
42 45
58 -24
-9 -15
87 64
70 89
-37 -21
57 88
13 -54
----
-38 -2
19 14
82 92
-39 98
16 49
55 -12
-15 53
-31 29
-9 55
-7 67
45 50
-70 62
37 16
-41 -96
77 7
-68 89
-54 -4
-10 39
97 78
31 50
-16 60
59 42
29 -2
-22 -84
19 33
88 -99
-6 45
1 12
-32 57
77 -35
32 -44
-80 -91
16 66
-59 89
-37 30
32 12
-76 43
-18 85
90 -13
-68 -62
-62 -57
-15 -56
19 -70
-6 0
95 77
-30 -60
-100 -34
-82 -72
39 49
-75 63
-43 -11
53 88
-99 -25
77 51
-38 15
22 80
24 39
-73 -11
71 76
-10 -15
-29 41
93 -15
-41 -9
11 58
24 -46
-55 -60
-38 -31
81 48
-11 -4
-58 -57
-47 43
-62 -20
-45 -10
16 -39
-62 29
-43 63
-41 39
-8 16
-4 -33
29 10
63 -81
-73 -92
-31 -19
18 -46
57 -22
99 -26
33 -54
-68 27
3 13
-70 69
75 -50
19 95
97 -18
81 22
77 -35
-48 -78
67 32
-21 -66
15 -71
-90 73
71 -39
4 60
29 82
-71 -88
7 64
-88 82
-64 59
34 13
0 -69
-90 86
0 95
-23 -8
-75 76
7 -99
67 97
-88 -27
2 -44
97 13
46 58
-35 -85
-47 68
-85 -88
-48 -31
85 -93
97 66
34 -16
-81 -77
-27 76
84 -89
34 53
-25 -72
-55 9
52 39
-20 79
61 -79
67 41
65 95
33 32
80 -36
-61 56
90 -1
-97 -100
-37 27
-47 -21
83 -79
28 34
-77 12
39 -76
22 5
-40 12
89 -95
-55 76
98 92
18 -77
-11 40
96 20
71 78
62 75
-75 -56
-54 -76
-15 -100
95 40
-8 -68
17 -47
-45 8
-91 -26
-97 27
66 85
-47 -73
-98 -30
-91 -70
89 -58
-76 -92
62 -55
50 64
99 -23
-41 -64
-74 88
-91 5
-17 66
-26 -36
67 81
31 21
16 -56
-88 77
22 97
-58 75
-86 -45
-89 53
16 -16
-30 -28
2 -9
8 31
-85 67
0 77
75 48
43 -65
96 44
-38 -92
11 3
-8 17
-67 73
-59 -98
-65 -17
-79 71
77 -44
88 99
-5 -99
61 -24
-28 99
5 49
44 -66
-98 73
-46 -94
78 -30
93 -97
-59 -87
92 52
-61 29
-51 6
-4 31
45 29
-100 18
59 44
39 94
82 86
35 12
97 42
73 98
71 -33
47 -72
4 51
77 74
-85 75
-93 43
61 -68
-74 65
2 74
-97 -86
-67 -17
-86 9
-34 84
-13 -94
-33 28
-84 -51
79 -60
58 81
58 -32
-74 94
51 -74
2 84
37 96
-68 50
59 69
-90 -78
39 58
65 -13
-47 -63
61 20
-37 70
6 -13
59 57
64 20
-26 -56
-94 -66
47 -92
-37 -94
81 -70
72 -30
51 37
-53 -3
18 93
10 -80
-25 -30
28 21
6 6
30 80
20 -85
-76 79
-69 12
-24 15
62 75
-25 30
-5 58
5 -77
-36 -10
69 26
23 -92
68 66
-53 43
-55 -97
16 -15
27 -59
-23 -17
-14 66
-95 93
-62 -62
-39 32
35 42
17 79
25 16
65 5
-44 -85
36 -96
-44 11
-54 -42
31 -13
-34 -28
98 -24
-53 -66
-48 -88
-28 38
-83 -29
-48 30
-35 91
-27 -74
-52 -32
-82 28
-62 -89
-71 12
4 -27
-74 75
20 46
-39 50
72 88
33 -42
-6 -17
26 13
-56 -74
-13 84
63 -94
38 -35
-62 -81
-90 -37
-31 38
-66 87
-53 35
29 79
85 -3
-82 -30
-91 1
58 -23
-42 -85
31 64
42 5
-16 -89
23 -56
48 -2
34 60
36 0
36 98
-19 -66
54 45
-90 59
53 46
27 47
-93 -84
75 -39
-53 -39
-93 -77
-12 -55
20 64
-47 -78
-37 -98
87 -69
-56 -76
60 17
34 -90
-80 24
22 12
-96 72
-89 95
77 37
-96 7
-31 -13
-50 -27
53 13
-89 -10
-23 16
80 31
-18 -92
72 21
2 2
86 -11
-19 64
-59 23
38 -5
-82 16
-67 25
86 16
-82 56
33 0
81 71
-29 -54
6 -57
33 3
43 91
-70 96
-100 -11
-8 -26
50 14
-75 5
-55 27
34 -42
-6 -5
-43 51
29 -36
13 25
-26 -29
40 31
-69 39
83 -62
-69 37
79 47
-35 -78
15 43
-68 11
65 3
30 -72
-46 -47
-64 -87
51 -90
86 81
74 -21
-23 4
21 28
49 61
-57 -90
30 87
-26 8
47 87
93 -28
79 13
19 -83
-1 -91
95 -54
-83 -14
-6 -83
88 73
-49 -51
63 0
-31 61
1 87
94 -29
-32 54
73 43
53 45
6 -51
-80 -21
-70 -27
-38 56
79 -32
8 -26
10 -38
-33 -74
-78 57
35 -76
45 -54
17 -68
71 92
18 -53
49 45
-65 -49
-7 -28
80 -56
97 8
42 78
87 -94
20 -100
-48 -74
-23 32
-97 -58
31 -84
-92 29
-100 -41
32 88
8 -62
54 -86
-94 -66
-68 -44
81 -62
-18 -78
-72 13
-86 56
-64 38
26 16
79 44
14 86
-56 7
-87 -81
-57 63
-29 20
12 -91
-100 3
-77 73
-100 -15
68 95
-56 -62
-51 81
-87 -83
-99 -49
-8 -38
33 -85
-92 63
23 68
70 -2
-80 -88
-87 -82
67 61
10 -82
13 11
32 -37
37 -60
48 84
-1 -24
36 -38
-7 96
-82 91
-30 -92
87 -3
-99 -63
79 -45
-97 1
-36 55
82 -74
-29 -13
-30 95
4 -10
19 -71
24 -8
-34 -76
-37 -53
-69 7
-95 -76
94 -79
47 58
74 -87
-83 -24
31 -24
-40 -64
75 93
-99 -28
-96 -52
92 -2
-9 28
-28 -59
-17 -6
-70 77
73 32
-76 -5
-4 -60
61 60
-21 12
13 -43
77 -72
58 -58
69 -12
17 -27
-78 91
-58 82
14 6
33 -35
49 5
-26 -21
82 -60
2 99
-48 64
40 35
-69 -60
92 -9
35 34
20 -37
69 -71
-28 95
77 56
54 82
-11 -59
80 90
6 -5
-89 74
-62 -67
-26 37
25 59
90 -95
48 82
-58 81
98 50
-53 79
85 -30
-4 19
-67 -22
2 -74
-15 20
9 -90
83 50
-72 35
-71 -82
-47 1
-40 82
37 -91
-61 -34
-53 95
14 73
83 39
94 -100
-96 -64
99 -8
40 59
30 -52
-48 -96
-50 79
-79 98
53 6
52 79
-3 45
19 -98
32 -14
-21 66
-69 7
11 12
36 70
-85 82
45 91
36 36
-22 -7
71 -88
30 32
59 -40
-56 -51
-59 -92
-80 -96
-59 -51
-19 -98
4 13
-87 73
28 -78
36 40
-32 -21
63 -61
-48 61
69 -85
1 -97
73 6
-28 -100
26 -81
21 82
-34 3
-9 32
28 66
0 43
-13 -77
23 4
65 48
-24 89
-36 -21
-4 -95
96 -21
-62 -96
3 -62
-25 74
29 4
86 94
-49 45
56 -68
-51 35
51 97
38 9
-26 46
-8 96
-63 -75
-70 -18
35 -53
22 16
85 86
-36 -14
-71 -11
-10 26
-87 82
-64 28
-48 -80
91 -57
40 28
28 -2
-34 -13
-96 -8
12 6
-99 -50
43 -53
68 39
-29 35
59 70
68 62
6 -39
7 -88
-5 -9
10 64
43 -83
-67 87
41 -94
18 -77
-51 -2
81 72
74 22
-12 -61
82 66
-86 -4
-43 17
-40 -79
-25 78
-78 -34
91 -46
91 13
81 48
63 84
-84 56
5 61
-80 -53
-15 -39
88 95
88 83
73 -33
-70 29
-23 -87
6 -74
56 -88
11 63
84 -48
-68 95
7 -32
90 -75
59 3
-77 -75
-40 -48
-24 -91
-68 99
-68 -20
89 -62
-8 23
-77 -39
-65 68
-59 37
-73 -97
-56 42
77 67
-86 -11
54 19
-96 62
-76 -31
-57 -96
-31 -76
37 -3
93 57
79 -69
74 45
60 8
72 -55
-68 -78
84 -78
-24 -81
80 18
-25 8
94 42
-55 12
-25 -74
-87 -78
-20 -81
92 -90
-69 43
43 -31
-77 -87
67 -69
-93 6
17 8
-14 81
77 -98
93 -77
-77 50
49 -72
2 -49
12 -34
55 47
31 37
-72 52
-48 -78
91 -60
-22 -94
96 67
50 -57
0 -12
-75 36
-75 -7
-52 -89
-71 -44
95 -58
-40 -98
-59 -8
56 57
-43 -80
-1 -30
-23 64
-44 -36
90 37
23 86
-73 -44
-100 6
27 -86
-74 76
-60 -39
-2 20
7 72
56 -91
61 89
99 86
-51 -61
10 29
44 -70
-89 -40
-21 61
3 11
-12 -57
-72 39
-59 54
-26 -74
-34 80
16 95
21 79
62 4
-93 -54
3 -100
37 36
36 88
45 -30
61 -3
-97 65
-4 -21
57 87
-69 -36
43 -83
67 -94
15 72
20 -31
22 14
-92 64
-33 6
-48 -67
-43 3
73 51
6 -60
93 71
92 76
-77 0
-17 -64
-63 34
47 -2
61 90
-22 -3
-15 65
-85 -33
-35 -70
-38 96
-71 -3
13 -37
-78 -46
-87 -21
57 3
-77 96
-87 38
48 -80
85 -14
-23 -27
-83 69
44 -39
54 60
-83 -92
36 -61
74 62
9 96
46 26
87 -80
-86 82
21 -33
40 -43
66 -18
-17 47
-84 95
-19 78
53 88
79 -40
52 -49
9 -39
-64 -96
43 18
28 -40
-13 -83
91 -78
-67 65
-28 -6
52 49
-72 -13
-5 -28
-24 -30
92 40
57 95
-91 20
-84 -14
74 35
10 52
46 16
23 -78
28 6
95 -34
55 94
62 16
6 -42
-64 -71
-69 -35
56 -63
85 65
-88 -97
60 33
-50 66
-100 5
-53 -3
-46 20
48 -65
-74 -94
58 89
-24 -90
15 98
78 -59
-11 51
-17 87
-46 9
79 -27
67 80
4 20
-39 95
-45 -72
-35 -50
46 -36
-39 86
9 -99
-97 -75
6 67
60 74
-50 -86
-76 18
-56 -1
-18 -87
-50 38
18 81
52 68
31 5
44 63
33 -52
44 -35
-48 14
80 2
-58 -18
83 -71
-98 -88
13 92
30 -10
-4 43
51 55
46 -49
99 -93
46 -21
-67 40
-31 -3
-20 43
-67 12
-70 84
61 10
37 41
-44 99
-71 -80
35 6
-32 60
-62 -59
-91 -99
-89 77
2 -7
-34 -56
68 0
-31 2
-87 -14
49 -41
78 -99
62 45
28 85
-95 -91
-1 46
-79 78
-29 -61
-89 -28
1 -72
-12 -21
31 -45
-90 36
----
18 17
42 -64
-28 54
86 43
-29 -24
27 -33
98 -7
12 -77
95 -98
-22 55
-29 -13
72 28
-11 96
-100 84
97 -30
28 23
90 -75
-74 -90
-57 69
37 44
59 -22
6 95
12 44
-27 -92
15 -36
-16 29
76 -46
-35 -69
45 -86
47 -25
54 -99
45 -99
48 -96
-24 73
-34 2
79 -75
-36 34
96 93
80 76
-85 44
22 91
-31 33
85 98
46 36
60 95
-35 -71
-79 -38
89 57
32 5
-53 8
-32 0
41 -87
-15 -42
-35 -59
-43 -29
-50 68
98 -98
52 62
32 -88
-85 49
-43 39
-87 -29
-64 50
-96 -98
45 -62
-39 -25
29 7
-24 -78
-51 -45
-53 27
33 5
-22 -12
45 -4
-70 -82
9 -74
-76 19
-11 -2
-50 28
-13 -30
76 34
-46 -38
-4 -81
-90 75
-61 -9
26 30
12 -24
64 -12
-85 52
-40 24
26 40
19 85
-8 18
-87 42
85 -69
-44 47
35 79
-21 13
-27 -30
-92 -41
-22 69
-43 39
-9 79
13 48
54 -99
-18 -2
-32 62
44 -64
-86 -31
70 78
-95 -32
89 -93
-66 79
94 33
97 -49
-85 44
43 -100
-54 56
-18 79
-7 12
-96 -35
87 84
48 58
-22 73
-66 -57
-2 -97
0 -70
-46 -91
79 -51
5 11
84 79
51 3
85 37
54 -33
15 88
53 -66
75 -43
73 39
-20 -95
-42 -24
1 -79
-1 53
52 -89
-56 12
45 -64
76 -68
-26 81
28 -76
14 -16
98 -89
-97 -90
-43 -55
-11 -37
-72 -58
-43 15
29 74
90 -71
-90 62
-20 97
50 74
-8 -59
21 -22
-88 21
60 94
29 48
-76 96
-93 -53
-28 -10
64 -47
-37 -12
83 -98
-45 -70
7 -99
-59 -55
70 66
44 17
33 -77
18 61
-12 78
-67 68
3 -66
13 8
-10 32
67 43
56 20
97 -74
33 -39
91 -10
86 -9
70 -90
-21 14
-77 63
-96 7
-38 83
28 11
-99 85
-81 -5
85 48
-11 47
39 75
-66 -2
-11 -50
68 17
83 -28
-68 -72
75 97
-92 -77
-11 88
-90 50
4 83
-30 83
-86 -56
18 -88
-93 -62
-24 -58
-99 -61
51 95
75 81
-75 72
94 -14
23 90
51 0
36 -96
77 96
-94 96
38 38
-58 56
5 -50
-17 -56
32 55
10 44
96 89
-73 35
-54 -88
-52 7
62 -63
55 -83
-41 -20
-68 14
8 14
-66 -89
-68 -21
4 -38
96 94
-10 24
-3 81
-60 -62
76 79
93 61
-28 -100
58 64
48 -2
-66 0
83 -75
-3 -75
-82 68
36 -83
20 -2
11 16
-15 64
39 -49
22 23
-90 81
97 16
-60 -20
-14 -30
-59 7
56 -30
-37 34
-55 -96
-21 71
-3 -35
6 28
-55 -78
18 -23
-33 -23
-24 8
-39 6
-59 -76
-12 -48
2 -34
84 -83
38 47
27 -72
-39 -50
-65 77
-29 -20
-15 67
53 -43
-84 -19
35 74
98 62
-88 -91
93 33
-55 -51
-72 -62
-54 92
1 -88
86 -20
26 58
-99 -84
61 -33
-58 -11
-95 96
-78 -7
53 83
-93 -94
17 28
-32 -79
-96 29
54 93
82 -88
-79 97
30 -22
79 -27
81 -27
31 -42
-21 18
-87 30
20 23
-97 97
10 52
-4 -56
-70 -61
-25 72
43 64
-24 96
-96 -93
-66 48
-54 -56
58 27
-84 49
12 -20
-48 49
26 98
14 37
1 -19
26 56
-18 -70
16 76
67 -9
-97 -94
29 -84
96 35
-46 -28
-16 -36
-16 -24
64 -25
80 61
-61 -84
92 -20
13 -24
-42 -95
-37 95
-31 -53
24 -97
-68 -31
-23 -33
23 -91
-81 -4
-17 16
-5 -46
14 -51
-47 -75
16 -50
75 21
90 0
84 -14
77 27
48 24
52 -99
-34 -94
47 -20
-68 -85
98 -4
52 71
42 43
32 -25
85 -42
62 -92
52 -62
-22 -82
-29 -97
-88 32
-15 91
-10 96
-40 -6
44 -19
-50 -12
6 -67
-83 -62
-74 -80
-2 -96
78 -53
67 8
1 19
65 40
72 13
23 -53
35 43
-33 0
30 -93
-94 56
10 -53
98 -49
-75 -4
51 28
90 14
-88 -43
20 -34
-76 65
64 76
-11 70
-70 20
22 -70
58 -98
53 63
65 16
7 -81
-86 42
-6 31
-52 16
-18 -96
67 -64
49 -43
1 -35
27 -32
18 2
35 53
17 -65
25 90
24 68
-8 -78
43 88
63 -26
-94 92
-57 77
72 -7
16 -52
-6 -15
-97 94
70 -35
29 -8
-25 -16
-56 -37
80 54
1 79
-84 4
-94 -20
-77 -40
-39 78
-27 -25
-49 8
-78 49
-4 -75
85 -13
-41 -68
-69 31
-81 -41
-61 -100
47 -42
44 0
-7 -49
-10 -36
61 -32
-13 -64
-76 -67
-77 -76
20 -6
-87 -80
-30 25
88 -81
-23 -8
-5 -31
47 -15
-16 46
-60 -77
13 -97
-66 73
82 99
-82 58
88 -73
37 48
-37 -75
-92 -94
-90 24
-54 -81
29 -79
-30 25
-78 -100
56 -79
16 -25
84 41
95 -99
20 -80
90 47
12 -87
-98 12
37 60
-19 28
-71 -30
-40 40
-26 59
0 -79
-7 -9
33 8
50 81
-57 96
-59 12
-57 96
52 -38
4 88
-84 -37
-88 -68
-84 -83
-16 9
-57 -7
70 -14
60 75
-100 -76
-59 74
7 -71
-13 -19
96 30
69 -95
-30 -75
17 -15
76 67
65 -28
24 -89
47 -33
-96 -24
-93 -77
-36 -43
-89 57
-64 -35
11 -81
55 78
54 -25
1 34
-34 -19
-37 -89
47 -42
91 58
17 -98
20 -12
-49 89
-24 73
69 -69
-79 -37
-83 39
19 -88
68 -96
13 -2
30 97
-87 -11
70 90
45 -34
-96 93
28 48
-68 6
39 -92
-64 48
-86 22
42 81
-91 23
-46 -63
17 26
62 -49
-58 42
45 -7
-73 19
89 -69
17 -40
-57 -90
69 75
2 -28
-69 10
99 10
75 -80
89 91
55 49
88 -11
-65 32
-27 -82
3 53
50 85
-97 38
-22 -81
-82 -95
-69 53
-22 31
-89 -67
-80 81
-94 -94
26 -49
-25 -78
53 53
37 -22
31 0
95 84
87 -76
6 -84
-75 16
-31 -8
-69 79
-9 69
88 -65
12 -77
37 55
-32 -46
26 -34
-9 -48
-23 27
-68 -51
-99 -100
-12 18
-90 -54
66 -46
-75 95
-93 4
11 13
74 47
59 6
-67 17
-59 13
41 75
-69 41
-43 20
32 -46
38 -3
-16 -80
-9 -69
-10 72
59 41
-31 -42
98 41
47 64
42 -88
-8 44
-8 70
-6 15
-93 -13
-41 13
-13 -32
88 -55
21 71
-44 10
-81 -9
-79 42
-44 86
47 -9
-53 83
15 99
-72 -34
98 -55
-72 88
61 68
-97 68
-88 -96
72 77
-15 -10
52 -77
36 -73
-16 -64
44 -49
90 49
-12 5
-77 -98
-33 -77
72 -41
-16 -80
-30 43
-83 32
-91 -12
7 -49
-22 -83
70 -22
1 -43
39 -77
-54 -13
14 91
22 46
-46 -22
-1 -45
44 -99
0 88
-68 12
-7 -35
-81 -91
-94 -97
-83 95
29 -7
72 73
79 -90
-96 66
-37 -56
77 -16
44 -7
-2 23
-12 38
-67 53
43 6
50 -10
85 -43
85 -64
-63 29
-83 -58
-30 18
-39 -72
73 -19
-1 -11
-49 78
37 -44
-89 47
68 99
66 -4
20 -33
70 -36
-49 -77
43 -18
87 21
-75 68
29 33
-73 34
-86 -74
-69 -31
49 -93
-61 43
2 65
68 -7
-22 -63
-11 85
-31 40
-91 49
-28 -94
-34 -63
-15 -9
-7 77
-36 -17
-51 -96
-71 -23
33 42
67 -4
46 12
-72 -73
61 -14
-45 -51
-97 49
-68 -61
-2 88
23 -23
-38 -92
59 94
84 -42
13 -39
-21 -82
15 63
-37 -99
4 47
-82 72
94 -4
21 -56
-56 80
82 -65
-13 44
44 -76
84 -39
-20 52
-86 24
82 73
12 -12
99 66
47 42
71 -8
85 -98
-55 -15
-79 25
93 -73
55 -83
63 78
-88 49
71 69
16 -46
-66 -46
-18 11
86 79
64 -56
-40 6
-3 55
-4 1
-91 -11
-51 -15
-2 -41
-97 -42
-33 -47
96 97
60 -97
61 62
16 -71
-51 -7
8 16
-91 -26
-85 -35
21 76
-35 -13
29 -100
20 -38
69 22
-1 -14
-30 -43
-50 75
86 -72
15 89
-82 60
-17 -3
89 -33
5 -97
93 -8
-20 75
-31 -67
37 -74
93 80
23 95
-23 -2
-66 -62
-37 -70
59 91
-58 32
30 80
58 -74
-54 61
-8 67
-2 -38
-6 17
-31 -23
-58 24
-84 -64
20 -77
82 -94
5 20
11 20
25 -56
-66 58
7 14
60 -40
61 -1
-83 -58
86 76
34 -75
-19 -40
0 60
-72 56
96 38
-87 22
-29 -81
49 24
-25 -62
14 26
-65 -52
33 39
55 80
56 -92
15 43
7 74
-50 43
-11 56
24 -56
-81 51
-9 69
-52 -5
44 85
-58 41
10 -63
-77 78
27 -40
40 -15
-8 42
5 20
-97 -80
-60 -47
-69 -61
-28 27
29 92
-100 -70
-81 63
-65 -34
99 -63
95 69
37 -85
-2 -22
19 28
-54 90
-97 -97
-36 81
38 -2
47 -29
28 95
-37 4
13 15
-89 17
-63 92
59 64
-76 -26
-14 -46
47 35
82 88
21 62
33 3
93 -19
24 25
28 -82
-8 20
-85 64
37 -97
73 -10
-44 -78
-97 80
-59 26
68 -19
65 28
17 -91
-66 -98
15 59
49 66
-38 60
10 -69
90 -15
89 -81
0 -61
48 -40
36 -17
-19 -44
-21 60
84 41
20 -93
34 12
16 96
-92 18
83 -11
-96 -45
-85 70
41 -88
79 -75
-68 18
90 -78
-74 29
32 5
91 -67
28 77
23 55
75 -93
-55 -46
-74 98
15 94
-24 -30
-65 -90
-66 -7
-55 66
41 -32
-23 -47
28 -35
50 -2
80 -96
79 -90
-96 74
90 -95
66 -51
-20 -93
24 -14
86 80
10 -62
-59 20
86 -85
-6 -61
-41 -75
-8 -40
0 -30
-73 9
-44 47
-26 -79
-81 4
89 1
-20 -70
-56 85
-88 -63
-59 -46
-19 -4
42 -11
-76 -70
12 65
10 39
51 79
-18 29
5 -5
-79 70
51 77
-88 65
61 -94
-52 39
-61 55
----
70 8
-74 -78
84 -63
78 -96
27 37
-15 -75
-65 8
10 -21
53 -90
-81 50
25 48
64 -58
-14 -37
-58 16
34 36
-59 -16
91 56
94 -99
13 29
94 -56
50 0
68 -16
-16 25
42 4
-46 -18
-47 -63
20 -12
-70 -78
44 84
35 20
95 -38
-31 91
-5 -100
-66 -22
13 9
66 -77
-84 74
-100 -76
80 -20
57 61
21 38
-39 -48
-18 -97
64 2
25 72
-44 29
93 -27
-51 -12
-69 77
88 -17
-10 -37
90 44
16 -71
-79 45
-12 -94
-58 -36
-74 73
99 -43
-100 -84
8 -8
-64 32
53 41
-48 -64
-70 42
25 12
92 -98
-9 -26
-29 -43
47 17
35 -48
81 -82
-87 19
30 92
2 -80
-27 92
-13 -86
-32 -5
-53 57
10 -52
-8 -21
99 -21
-80 76
-87 -61
72 52
2 42
9 -17
-19 -45
10 -82
19 -67
-89 -40
33 -91
-32 33
-76 78
34 96
-73 14
47 -2
-76 -44
-47 2
97 -64
6 -10
-81 50
18 31
-18 -97
33 -88
85 -72
-62 -23
-63 -69
45 89
-90 -13
51 -65
5 76
25 88
95 -90
-42 -76
-98 -93
-80 -18
27 20
-59 83
-9 37
-50 -79
-56 21
-90 98
-25 -30
-39 92
10 -37
-8 10
-16 -30
85 -58
-75 30
36 -29
44 8
-90 77
-92 55
49 17
90 62
-2 -27
-64 30
91 83
66 26
12 25
49 -34
14 38
15 10
98 -44
34 98
57 61
-100 78
-24 35
10 -67
90 20
20 43
-99 47
65 -81
-27 53
-21 -99
-24 -2
-82 -89
22 -22
94 -29
-38 -3
57 -7
83 92
-95 37
-28 -43
-46 -45
-27 32
36 91
-96 -94
-36 66
73 -4
-64 -56
76 32
21 -42
42 89
-44 97
41 -62
71 -8
63 -74
59 -91
42 -72
47 -85
-1 -76
28 43
62 -74
-94 15
-86 -72
-2 65
-40 13
17 -50
-30 46
94 -18
-99 -44
14 -66
61 -56
-73 78
-54 -45
-77 45
49 -79
44 52
-97 78
-4 16
82 41
83 13
40 -95
-69 -50
9 9
38 96
-67 -36
-86 -57
10 -6
81 17
98 -73
-31 59
-96 53
-84 -61
68 64
-54 -8
-51 -22
-1 -40
-27 -99
-6 56
-88 77
-31 37
16 -74
11 -16
-93 1
-59 9
96 78
17 54
-29 -76
8 86
88 92
-19 44
-38 -54
47 55
64 54
69 9
-100 -75
5 -79
58 31
-58 78
-59 31
-68 -33
23 37
-4 -30
61 44
88 -52
-8 7
67 -80
-5 24
-26 -30
-21 56
20 -47
31 32
9 70
-27 -5
95 40
81 30
45 -43
60 -86
-79 25
49 -23
94 -81
66 21
-84 -7
-43 -15
25 -66
-43 72
-2 -15
-89 78
35 90
-72 25
96 -35
48 -52
-33 62
62 10
-40 -20
2 49
20 -98
62 0
-13 -90
16 -85
13 88
69 61
-18 -91
-69 -41
-55 81
-21 -69
-3 -76
-20 28
-30 17
-47 -47
31 46
-76 -56
31 7
-49 -4
23 10
-9 25
-26 -88
-89 -92
-5 87
65 -42
31 2
-36 -22
-99 -29
-48 -5
21 -67
-70 69
56 -38
-16 66
63 24
-71 75
57 34
36 35
-11 53
57 -16
-87 -28
-68 -17
52 95
22 -72
-19 46
-57 -41
-46 55
74 -11
-21 22
68 -89
27 -56
-56 70
57 89
0 96
66 28
89 -52
14 67
-18 -51
-100 46
-84 60
40 -45
-16 -83
-19 70
20 -99
59 -54
-45 66
85 45
56 68
-73 -38
25 63
-5 25
-38 52
56 95
45 -14
-27 25
-12 33
6 -93
-29 -29
60 -74
-12 87
-32 -2
-63 19
-27 -77
-38 69
-89 14
-78 38
-80 -48
-35 -86
93 31
-39 -14
-76 -67
28 -66
58 22
-41 77
-26 -16
-93 -100
73 38
-6 96
-12 43
-21 33
32 75
-25 58
3 49
12 -47
42 -44
-22 -72
65 -99
62 -65
70 -98
60 50
63 -15
-5 26
6 -79
65 -18
58 -31
25 -51
-49 27
54 -52
57 70
31 -92
-90 -95
-65 -83
-94 79
-66 71
76 -41
-74 -15
82 29
70 -54
-20 49
-49 -19
83 -71
-5 -27
31 -71
76 -62
-53 13
-23 99
-29 51
39 57
-50 -22
20 27
86 94
6 -1
-58 -60
-34 22
57 7
68 -93
18 -51
-75 81
10 62
-14 76
-97 96
24 -38
81 -74
-86 -69
89 -88
96 -98
-71 24
-6 89
23 96
-70 -10
63 -47
-20 39
45 -31
-19 -79
26 58
-53 -12
92 43
23 90
-30 -57
17 -84
-75 -65
32 44
11 65
77 93
55 -65
-43 13
31 95
-87 49
15 84
17 11
44 93
4 -69
65 8
-90 -14
-100 3
18 -20
-22 -87
-35 27
21 36
-73 79
-8 -13
-35 -10
1 33
56 96
30 74
-25 -15
25 -94
-29 -68
30 1
79 -98
54 -9
93 -49
16 76
-66 17
30 -15
-72 79
56 37
-81 -43
27 -86
29 -69
52 -87
56 -74
-72 -67
55 -28
42 -68
97 -81
56 -75
-75 -100
-6 -86
73 24
-2 -62
-34 -56
46 -4
28 87
86 -86
5 16
71 47
-50 40
35 66
-77 -17
-79 62
75 -3
-13 -91
-78 31
12 -81
62 12
-60 -95
33 13
47 11
-20 31
4 68
-14 28
27 -19
-53 -92
74 -16
-36 27
90 -10
3 36
-37 69
57 37
-26 97
-26 67
-49 92
-24 66
-86 36
93 -76
-14 -9
79 -47
-24 -53
70 -94
61 -87
56 -72
54 -65
22 49
1 96
-50 77
54 43
-43 7
-7 18
-24 34
-96 -20
94 -62
-10 -60
-60 -1
11 -50
-41 -84
98 50
75 -40
-60 -54
-87 -84
-30 26
-35 -83
-14 -85
-30 43
-67 -28
59 57
70 -65
-99 -19
-81 18
37 14
94 -78
-62 -49
36 -66
78 -97
67 96
-34 -53
5 -40
-36 -22
-85 76
51 -25
69 -3
-35 -62
-10 2
-55 63
48 -6
-59 22
8 -1
-79 -53
-13 -87
-19 -48
-64 -34
75 -64
-95 12
-48 10
70 23
-35 -58
66 -38
44 -3
56 99
60 -66
88 -85
-45 -27
55 44
38 -94
-62 -84
91 -99
-5 -1
-62 3
21 -72
-67 78
-51 35
92 -75
-72 99
55 -54
54 24
-9 -13
-47 -54
-37 -79
-89 2
-19 -39
74 -54
-29 54
31 -37
47 -33
-76 -60
75 27
66 82
85 -47
-78 -71
-56 55
88 -9
-49 14
25 3
48 -52
-64 -84
-9 -81
47 71
-97 -97
-36 -62
-7 64
-49 -12
-78 14
48 63
20 -30
-39 -90
99 81
-43 25
-27 -18
94 56
-72 -73
15 -1
-70 -93
48 56
80 95
78 81
88 83
35 -21
4 0
-31 37
65 62
83 -23
87 -74
-83 9
61 -79
-3 20
-92 7
-90 -34
-51 52
-43 -85
65 92
82 24
-8 -21
-79 -85
-54 77
-79 72
-87 -43
90 -34
-56 -63
11 -96
89 -62
94 59
-2 -42
72 -20
73 -31
-70 52
-58 -46
71 73
79 -42
85 7
-96 -98
-37 84
99 24
6 50
17 44
-79 -89
-60 -48
-75 26
97 -78
-74 -67
6 40
-59 77
47 -31
30 59
-15 -83
-14 85
-48 -96
99 87
75 -90
59 73
51 -78
63 -71
-53 -82
11 89
-72 -55
75 57
-68 51
-100 -36
60 -14
-64 30
94 46
-36 -1
-42 -64
59 -65
-48 -62
51 87
-37 -47
-18 -16
76 -88
29 28
57 40
31 -60
-59 29
52 1
-97 35
-74 -12
73 -72
78 -96
57 -36
71 -90
-41 -25
37 90
-7 87
-7 79
-32 15
-13 48
57 7
73 -46
-85 -76
-43 29
-17 -42
-68 17
-89 -38
-87 -66
-26 -22
27 12
-60 18
-31 -19
-97 40
46 -47
-65 73
-68 -12
-53 -23
31 -34
-45 23
88 32
-94 -58
27 -99
-57 -81
78 -69
74 -41
4 90
88 75
7 -62
-62 -9
-49 -25
-23 -97
-7 9
-75 43
-31 34
30 47
78 50
-11 94
5 98
91 -32
-63 83
61 15
-21 75
-31 -59
-1 -28
69 -7
-72 63
-28 13
-45 -98
48 -83
75 -1
49 -56
0 -73
-20 53
0 93
-31 9
-53 69
-46 -33
13 62
24 18
-60 84
-57 97
64 -63
18 -85
-22 76
38 3
-50 73
-8 37
-67 17
-86 -48
-5 16
41 6
-98 -40
-55 -42
9 -96
99 -7
-22 -70
77 91
-44 52
-21 -38
8 -35
-25 23
-46 66
-42 -27
-23 16
-66 96
47 -28
-78 23
-58 37
95 4
91 -40
5 -27
77 -55
-76 -80
96 1
-19 -19
-63 51
43 -71
-59 -83
-49 -65
-99 71
81 93
70 -97
46 -94
-93 -47
48 18
57 75
-30 -52
59 -99
46 -91
41 -62
-23 75
-66 53
58 95
28 93
-18 -75
-14 59
2 -80
-22 12
3 73
-1 -82
-88 42
52 63
23 -38
-20 -6
-31 -61
-29 -58
-6 62
-6 -95
58 -83
-55 50
-23 -86
71 23
-68 98
-28 -50
70 -53
-2 72
10 23
-75 35
-77 -29
-71 -4
14 -67
23 -58
54 -57
-36 39
25 -27
53 -14
28 48
40 98
70 -71
31 25
89 -71
24 -78
41 -2
32 70
37 58
82 -13
87 49
-65 -56
-10 28
69 88
33 32
25 -4
-7 -88
-56 61
82 -74
64 93
39 4
6 -15
8 0
1 -44
11 -6
-98 67
-10 -34
-2 79
13 -4
8 -58
-40 43
92 -44
4 -73
28 29
-47 70
87 10
93 88
48 -17
-58 50
35 89
-73 13
-24 -61
30 57
-95 -73
13 -35
-52 -14
18 22
33 96
11 -51
80 -20
72 72
-98 40
6 -9
73 2
17 -85
36 62
61 18
-86 47
-33 53
26 46
-78 1
-85 87
22 1
91 -29
-46 51
71 93
70 -46
-83 -45
10 35
32 -62
84 3
9 -2
29 -15
25 -100
7 86
29 58
23 -67
-42 -30
56 -86
-82 -96
0 1
-53 66
-57 43
92 6
0 59
-64 31
-80 -13
62 18
91 16
-42 -63
76 91
64 -32
-78 -88
-31 36
95 46
-2 -4
17 28
38 -18
-45 43
-45 86
-7 -82
-1 47
50 97
38 -65
-29 40
-21 -61
55 80
-72 8
37 79
43 -70
-27 -44
11 53
-40 40
----
-86 -8
49 -21
-37 -53
-39 -28
44 57
-9 -84
17 -75
-26 -67
-36 -45
-33 -41
40 36
-1 -71
44 -24
-100 -76
12 -64
7 46
-14 -91
83 -54
-14 91
-23 -69
77 -17
-64 -29
-84 21
-39 18
56 -60
91 -44
-14 -99
-100 -23
92 19
34 86
-53 -63
60 7
-50 45
29 8
-59 -73
46 -28
77 -65
-19 -43
-1 -72
-88 -77
-86 -18
-32 -29
-55 -50
-41 -15
-91 6
-47 67
-43 -10
84 40
22 29
-80 -29
92 53
-24 28
-7 18
-22 -50
19 43
77 64
6 11
72 65
69 -12
-39 99
-15 -56
-2 35
74 79
-85 -13
-49 41
34 70
-93 41
-69 -40
-95 39
77 27
71 -92
65 -34
28 -12
-40 45
17 -82
71 -67
-33 -80
85 47
-45 41
53 14
2 91
99 78
-92 -93
56 65
-20 11
59 -71
10 34
-72 -24
-22 -69
-93 -15
19 -30
69 -68
70 0
2 87
56 -17
-95 -36
86 -37
-76 80
-91 86
-43 21
31 -5
-35 -95
-42 42
22 33
92 8
-31 -77
34 -33
95 -68
-79 66
-92 7
4 69
-92 97
6 -5
-57 -53
9 -53
-33 -9
73 -15
54 -77
-95 63
73 -73
77 69
94 -52
-86 81
30 18
-32 92
58 -58
78 50
-83 62
-14 -33
-1 63
-2 -25
-77 44
-60 77
-51 -52
13 71
-73 -43
93 80
29 34
74 60
83 24
65 25
78 17
-11 -76
13 -77
-32 91
37 37
-36 -90
29 2
46 -50
-93 -64
32 -19
-96 -4
65 0
-51 97
-80 -18
87 25
-16 75
97 73
-4 5
-45 -84
-37 -74
79 21
-66 -11
93 83
-49 -73
88 24
53 46
92 -17
20 -19
52 88
74 15
-97 86
-96 -89
-48 -12
-88 55
-95 -60
94 90
73 6
2 -18
-38 -25
6 -34
46 92
-7 -37
71 38
83 14
-47 -86
53 -33
-59 48
-78 93
17 -78
-64 5
70 -5
-79 48
29 63
72 -14
81 -62
-81 -24
-19 8
68 -90
-8 41
-61 14
5 -2
2 90
-14 27
48 -76
-17 8
64 -60
-62 -99
-5 -50
71 45
33 -92
65 -3
32 -86
95 -24
85 33
79 -88
0 76
82 22
99 -28
93 -70
-39 -99
-86 48
-98 -28
-27 78
-63 -21
-88 18
-61 47
-93 -69
48 -92
65 -13
95 -91
42 -85
-55 -29
-92 88
-43 15
-98 -77
-44 40
-17 31
93 -83
-6 -41
41 -83
-61 5
20 -39
72 52
68 51
74 90
6 6
-65 -49
-41 98
3 31
-36 -16
21 21
-23 88
-39 -1
-36 -24
-63 31
14 5
45 77
70 -64
-5 83
-2 -45
-80 6
41 -89
16 50
4 -69
-28 95
14 62
95 -43
-5 17
-72 31
-100 -27
-12 -8
13 -57
-24 -99
60 -43
-20 -78
3 19
-67 -91
-37 -86
80 -35
-29 10
94 -68
-97 -58
-83 51
10 -12
-18 -47
-92 63
83 -75
66 28
92 -2
35 15
90 -54
51 -51
-9 94
29 85
93 -19
37 62
-41 -11
-22 -44
-12 -29
-74 24
-10 -28
75 -73
-86 40
35 -92
-57 35
-78 -18
30 56
20 47
-19 53
51 -78
-78 24
-5 -100
16 -55
3 -7
46 9
-61 21
-29 -90
-75 18
-29 23
-65 50
-42 20
42 -43
-42 -45
-68 3
69 31
75 34
20 -97
1 65
76 74
11 69
-63 -59
-38 34
-5 0
-90 20
31 -98
-24 57
18 -100
63 1
82 -63
42 -39
-87 99
24 -86
33 4
-99 -33
8 -41
41 -4
-88 -35
13 -84
-42 -92
61 58
-56 11
72 67
-45 -82
-84 19
-61 -100
83 39
-68 -50
56 -63
17 -53
-100 91
-1 42
-88 -28
-40 79
45 -48
-14 47
-58 74
-25 83
-84 1
-73 57
59 15
-12 -19
-72 8
-25 -99
-37 61
9 -25
-1 -89
-93 70
-42 2
-1 0
6 -25
-27 63
-68 -8
57 -92
-37 -52
-66 -46
-90 60
-13 -15
2 -83
14 3
96 -42
16 83
43 -90
-52 -69
66 5
25 13
-99 26
-50 -16
-58 25
-52 35
50 -33
38 -86
27 -46
-35 38
23 22
-32 -59
88 95
4 -53
58 -11
-81 -79
-56 25
-59 58
23 20
-47 -16
9 -97
-57 76
68 78
53 29
20 1
-45 -12
45 9
8 -56
-64 -17
24 -94
-79 -98
25 52
5 -73
-9 -75
-75 79
-9 -93
-99 81
-71 20
-21 -9
-28 -90
-58 75
27 -43
-66 30
-24 34
-83 97
21 -61
95 -53
-38 7
-23 -10
-30 41
-14 27
3 40
-90 -52
-13 64
-20 88
65 45
-89 14
63 -54
-25 -32
17 75
50 56
-92 -72
-43 -49
-89 54
19 22
-58 88
-80 30
23 14
-29 86
-53 86
-57 12
-46 -71
-69 76
-72 -20
-17 -85
-69 -92
73 -5
91 30
19 -25
-18 59
-64 32
-55 57
45 76
24 -20
91 -52
74 -12
-79 31
31 -62
1 78
96 -19
-78 30
-30 3
-10 -66
-85 24
39 92
95 96
3 -13
49 10
-34 -4
-17 -46
-48 47
-11 -65
-60 42
87 -59
64 52
-72 40
-22 -99
36 6
-39 41
-33 11
61 99
40 98
-47 78
85 33
82 -80
71 -96
-5 41
-71 -26
-59 -65
-38 47
-54 73
60 87
64 -46
17 1
51 -57
-52 25
-71 72
-7 -48
-93 -10
82 -38
57 -47
-41 43
81 -77
-55 37
72 -39
-36 -74
-21 19
-36 88
-61 53
-66 98
-40 -17
82 38
72 -54
75 22
-52 76
-33 51
-47 99
90 93
14 -83
-95 40
-91 80
28 -11
78 -78
-55 9
8 4
-87 -47
-45 83
-99 -27
-29 20
71 34
-52 22
-12 96
93 12
73 -21
29 -30
-26 -79
47 -6
89 -20
54 -8
59 50
-100 -35
-86 43
63 -86
-4 -31
97 16
21 93
-54 -29
-9 -14
-9 32
-5 -35
-52 65
79 -63
-70 91
5 60
94 21
19 79
60 -80
33 82
8 45
-67 79
-84 4
-19 -87
48 -20
75 -24
-98 3
89 -78
96 -7
1 -66
-15 76
13 71
8 35
-25 -24
96 42
-68 -75
37 8
77 46
-1 16
-51 44
-16 66
-12 49
-84 -72
57 -9
32 -3
83 -34
19 -1
-3 31
-69 -39
-30 -19
-71 -96
-84 -94
-53 49
39 -7
25 -57
22 -21
-56 56
50 19
-12 63
54 -20
77 83
44 -1
59 66
6 -62
-89 -55
14 -63
-55 67
15 -21
49 -18
2 -34
-11 -37
65 -11
74 3
-79 62
48 77
-57 -32
6 90
3 -55
-40 17
-54 -19
-57 1
-19 -21
28 -16
-66 -24
-59 -29
70 -95
-39 -12
90 13
-82 -45
24 -44
44 43
-11 -66
-98 -54
30 -46
-36 -30
-81 -68
-65 -80
-78 87
82 -15
60 -11
-32 45
20 -23
-93 -63
-93 -82
99 89
-74 -96
92 90
37 0
-89 -53
-23 -18
53 80
-88 71
-48 38
69 -60
-35 -97
31 32
-6 -65
87 99
-78 -88
-73 64
-62 12
-46 -26
-57 -86
-61 -55
-17 22
75 34
-92 -22
35 -12
32 49
-75 -32
-33 66
52 96
-42 -7
9 57
-98 38
-23 99
-81 12
-57 -59
25 37
27 -62
-2 23
57 43
-73 96
24 -84
-1 -1
-34 -27
87 58
-4 -28
59 -43
-84 49
4 -18
-57 45
-56 76
14 -5
-66 -6
62 94
-79 87
70 43
-91 -91
69 -39
68 -7
-43 2
-29 -96
-89 -39
-85 71
-19 -32
21 77
33 -85
-20 -89
-2 -50
-19 -71
81 -96
36 -29
-49 -100
87 52
-38 50
-12 55
80 -89
-75 40
-27 -60
64 -47
-21 -37
-88 -6
-27 -57
-47 55
-37 97
10 18
79 39
11 -47
66 99
52 -89
-27 -38
8 31
79 66
96 22
90 39
37 -42
-14 -72
49 18
91 -59
98 -92
46 -68
-11 -35
-61 70
75 -59
0 71
74 -26
-13 53
80 -84
55 -19
15 7
-54 30
65 24
-41 -48
-68 51
90 93
-39 24
-99 44
-36 -59
73 -57
-9 -91
90 55
-78 -82
65 -37
70 32
-53 32
62 9
26 -9
61 -84
-34 65
-95 86
37 -76
-50 7
9 -50
-27 43
-12 39
-58 12
89 5
16 -10
8 46
58 96
-18 -1
3 -43
-70 51
97 9
83 -52
74 -92
-63 4
-29 65
4 15
8 15
90 -73
-56 8
-10 -50
20 -80
74 -30
7 20
-94 -91
4 -62
21 93
-24 58
-48 63
60 -60
64 -66
-26 -16
-66 50
86 93
-62 -57
-95 -45
-45 94
67 79
-69 76
35 12
41 -46
-99 -72
-100 -67
-56 11
-62 50
-38 -74
-33 -96
44 -45
76 -65
86 -77
-16 14
-18 62
-97 -51
82 27
-74 -4
26 -25
-72 -53
-2 10
-68 -55
-16 -100
6 -25
54 -13
81 78
88 -49
-50 11
-97 96
89 11
-72 -74
71 -61
-76 51
-50 17
-16 41
-76 86
98 -81
5 -67
-78 30
50 86
17 -91
60 94
81 -75
-39 31
-24 14
-7 29
-14 17
-81 -28
38 93
-79 33
49 88
90 -88
-37 94
80 68
46 -84
-11 -28
-54 -97
93 -81
-34 77
-42 99
-11 19
-60 69
-52 -6
0 -19
-100 -68
-6 -71
9 -84
-64 29
-82 47
31 86
-55 -8
85 -41
-75 -80
-17 -18
23 99
-94 61
35 -79
-57 -70
47 -80
64 68
-7 -2
67 13
22 -41
63 -71
66 -36
-100 18
-55 -29
54 97
34 80
44 -73
-89 -83
58 -100
-74 32
-7 -13
73 -94
81 97
83 63
-8 46
24 -29
37 65
-43 -46
16 -42
99 -13
16 -36
-33 -54
-5 67
-24 36
57 -24
40 67
-14 90
65 -25
-45 59
-17 -98
35 -18
78 -93
-28 -38
-57 78
70 57
1 -1
-99 39
-84 -71
-80 27
10 -86
21 -54
-94 -84
-94 57
84 47
99 81
98 56
75 96
51 -67
-15 -41
73 -67
23 -3
66 99
74 -59
65 47
73 36
-46 28
-52 -31
-19 -11
-24 61
-99 14
-23 -4
79 89
58 44
24 -95
87 82
44 60
53 -23
-10 -77
-20 -94
-58 65
92 -63
73 -37
26 -31
7 5
14 -39
57 24
-42 -41
56 -74
18 76
-59 -71
17 60
59 91
91 -6
75 71
78 -42
----
-91 -31
19 -64
22 -60
23 15
-38 -11
-63 -82
-10 25
-76 -81
2 -6
21 -37
4 3
65 -88
-52 -69
-23 81
-29 -68
-6 35
26 -44
-48 -13
-95 -78
36 15
3 -97
14 52
92 -2
-30 -67
66 71
91 -20
-50 15
53 6
4 6
88 -9
62 41
-57 -70
94 1
-9 -66
-27 36
-86 -20
57 -95
60 1
89 -87
-81 49
61 -57
-85 -1
-60 -87
-15 -89
2 46
83 -2
-67 -55
53 62
59 -17
57 -9
-93 -64
60 -70
57 11
22 -55
54 -48
17 -9
-13 -62
29 18
26 43
89 80
-85 -21
31 27
53 16
-54 12
-49 97
41 5
-45 28
42 25
-17 84
42 29
-10 -60
-44 -51
-71 -9
-90 95
15 -66
-65 -85
-7 76
-25 27
4 -68
-24 -60
-35 -90
93 57
11 -89
-65 59
-4 -96
-66 41
-99 -40
-11 75
-77 -19
-2 -39
5 -49
96 -84
61 25
-88 -22
-48 -85
-80 -50
8 2
-37 -20
-54 -1
38 -83
-45 -49
-2 11
-100 -6
-86 -68
-13 -1
4 -78
34 -86
34 -86
-87 76
95 85
99 57
6 -19
83 84
-68 -1
96 -91
28 23
42 -20
-94 -46
52 -15
-84 -33
11 79
91 53
10 97
16 -7
67 -51
-33 -30
4 53
-82 -2
45 -83
27 -85
-39 14
-65 -22
70 80
-21 -47
-92 -20
-39 27
59 28
-27 -81
65 53
70 85
-32 38
31 47
41 -42
-81 89
-38 7
8 35
57 -100
-95 96
43 13
82 30
17 -38
-15 -13
88 39
10 76
-20 98
33 92
-54 41
47 23
83 -12
36 12
61 -10
91 1
71 26
70 58
22 -24
-25 -49
71 -60
-32 -94
-47 -56
58 -98
48 -58
8 -36
74 16
-12 -84
-47 -18
-87 -45
77 -31
68 -73
-30 84
15 -38
69 51
-47 -97
22 -19
-79 -94
-27 41
-31 38
30 33
64 18
81 27
26 -46
-63 54
5 -60
-38 -80
-26 1
-29 -60
35 -32
29 -4
-67 96
89 4
41 -8
-5 -19
42 11
-88 -25
25 -57
5 -50
-55 43
-43 -40
-76 -86
-55 -88
41 1
-94 19
35 -68
-94 -99
-91 -67
0 67
28 -24
85 -67
59 55
-89 93
-72 87
-5 -69
95 -79
95 91
-90 -32
-29 -82
50 77
63 -61
-14 75
46 9
5 -90
-34 -9
42 38
21 68
58 -77
1 -31
-97 -48
83 54
-94 75
24 13
-63 -86
90 40
62 -19
-84 51
13 46
47 83
-92 2
-13 -82
21 -96
-12 -44
0 -74
-67 87
66 -99
-85 -2
94 -91
-68 11
-49 -68
-29 -10
-80 25
28 -39
22 69
-45 -88
-24 18
-40 0
64 65
-68 -98
-14 -33
-87 -90
81 -97
73 60
-34 18
57 3
13 -64
31 75
-70 97
97 95
-25 -73
34 30
71 -79
10 -52
41 14
33 -72
76 -70
-76 84
-81 -40
9 -84
51 68
94 -96
-88 51
-2 -60
86 -16
-30 67
67 -63
26 -41
32 -18
-61 60
-8 25
-81 51
84 28
27 -18
-89 47
56 69
-12 80
-56 7
-68 30
18 -81
22 -30
-38 -44
-56 66
-39 39
3 65
-49 36
-79 48
24 -74
48 -58
-81 -17
-76 -84
-72 -61
28 0
-21 86
92 -81
-74 -98
64 -81
-62 -78
-37 62
7 -83
-33 87
78 -55
-4 -81
48 39
-44 -82
58 89
10 -66
95 5
-59 -78
28 44
-13 -26
46 -16
39 -52
71 -99
10 1
62 86
35 -98
-84 -64
-63 83
42 8
52 39
29 74
-39 -64
-9 30
-76 32
80 -60
-66 62
30 92
-60 -6
6 -53
-52 46
-72 54
-45 71
-47 8
-82 58
-32 -42
-20 -81
91 47
44 72
-77 2
57 -59
76 78
20 22
52 73
-29 -77
95 42
-24 -5
-40 -95
10 74
19 -11
82 83
12 -35
-37 22
60 -86
70 82
-52 -32
-29 -96
-10 -94
70 -50
-66 32
-81 -20
-64 94
62 25
81 84
59 86
-64 69
-48 34
19 73
28 10
14 98
62 37
-98 -11
75 27
-29 -29
-95 -47
-65 -40
40 86
-31 1
47 17
3 37
40 75
-45 84
46 -22
-85 37
-16 16
-23 -41
35 -65
69 -19
-22 47
-81 -65
-46 9
78 5
51 76
-71 -34
-36 -82
-74 -89
-93 76
-43 86
-18 -83
42 -4
11 33
87 -12
75 76
24 5
-83 87
-78 99
-3 -33
-17 -70
97 50
-68 69
-51 49
-28 -34
-10 -34
-49 59
78 82
99 -40
-96 22
24 20
22 -11
29 75
-48 24
-51 -24
95 -74
13 40
-7 -74
89 32
85 73
-53 61
-40 21
98 9
24 65
26 -66
88 61
94 75
43 62
8 7
-80 -43
17 24
0 96
-30 -37
52 11
-35 51
92 -34
-25 -69
-26 62
-40 -99
-9 -81
-50 -14
97 -86
-12 -67
-69 38
96 30
18 -18
11 27
-45 22
-39 -36
-50 35
56 -87
-1 75
-59 22
-14 63
0 80
2 7
-85 -99
-93 -69
27 -15
8 -63
-69 -86
14 34
-67 10
55 48
75 51
1 95
51 55
-38 -64
86 -78
73 66
47 -32
-62 -85
-72 -89
-33 10
20 -76
95 75
56 -88
4 42
-1 64
41 31
66 37
87 48
-21 7
56 -41
38 70
-56 5
12 42
-11 63
76 -2
6 -78
-57 -56
-73 51
56 25
-62 38
-49 20
37 -78
-20 -58
99 -91
-20 -11
36 20
-45 -93
72 50
80 -11
-37 -86
23 40
66 -100
-43 19
-12 22
10 -64
92 54
-32 -83
-93 -83
-68 -78
-76 -31
42 -20
-18 -14
62 85
66 -65
-29 -23
70 -34
-39 -76
-85 11
54 37
64 60
53 -24
-1 -57
-3 81
-48 -63
99 54
17 58
-35 93
-29 -58
-42 -21
-63 -28
52 -48
-50 -68
-35 25
-8 -57
-98 -4
-37 -5
-43 -37
16 -34
80 -61
89 81
33 29
-64 17
59 -88
-99 -32
53 72
-48 -26
0 -8
-92 1
-74 -34
77 71
-11 -91
-66 2
-9 -78
0 -99
-23 -95
-38 -82
-11 -44
39 -77
-84 33
-27 -48
24 -77
-10 -70
-57 88
95 65
-45 -86
-60 14
-39 -83
-9 23
-5 34
-75 37
12 -100
90 48
9 -67
84 -57
53 84
-15 -8
93 24
-53 -35
18 -97
-42 2
-73 34
45 -38
64 48
57 -28
64 -85
28 -19
7 35
40 24
-67 42
20 -90
-96 51
-88 -29
29 47
20 36
70 -75
-95 -9
-25 23
10 78
-46 28
83 61
-24 12
-22 38
-44 -97
85 -43
84 23
-68 75
-18 -52
-2 -25
21 -26
33 -83
-73 -79
1 38
-91 -64
-94 83
-75 62
-31 4
59 59
33 -9
-28 -26
-86 26
62 -38
51 -54
93 -71
-92 -73
-75 -66
-44 80
95 66
33 -46
-90 39
28 -80
97 -99
-68 -78
-47 27
-84 23
14 -94
-97 -53
-40 -94
-46 65
-31 -46
45 80
-73 79
58 91
6 -12
9 92
-75 -21
-19 32
46 93
29 61
-70 29
93 -35
-88 -15
12 -81
-70 -91
20 88
11 68
84 55
94 47
92 -83
-58 -59
16 65
-82 -77
-2 -65
25 -30
0 -34
-23 -7
35 40
-39 -21
67 42
-34 39
60 -4
68 21
-19 -44
-6 25
38 98
-99 11
18 89
-87 -72
-53 88
86 -23
-6 59
8 -46
10 -83
-67 -56
-7 14
80 -51
51 3
-20 -81
96 -4
42 -59
40 99
32 2
-36 66
75 46
26 -67
-68 78
55 89
-55 -100
87 14
-90 -37
-77 -51
-69 -77
-82 52
59 -86
8 94
-69 50
-54 45
36 -6
-73 -94
89 43
-58 -13
18 -40
-18 -99
-7 62
-42 -21
-69 -18
-15 -22
-83 -10
68 9
-17 12
-93 60
-63 32
-98 -19
32 -90
-48 51
73 81
24 -33
-80 36
31 71
40 -83
-42 97
56 -71
62 49
-36 67
27 -55
26 17
23 -23
36 -19
-50 86
-43 -100
-32 -17
9 7
5 -50
57 -82
-42 -19
59 96
68 -34
-47 -91
-96 -93
69 -47
-84 65
-18 -94
-76 -45
-42 -54
30 39
-14 45
13 39
48 75
-13 -52
24 12
91 -55
9 -55
-14 29
49 -44
-76 26
-24 -58
-84 -96
83 3
-99 2
-18 -51
92 10
-12 18
95 -86
-17 -72
18 -22
22 56
-17 -44
-39 71
-45 -64
20 -5
6 -99
-78 -97
-38 -57
28 9
55 -56
74 84
66 -26
20 -20
57 90
-50 -28
-54 21
38 45
-96 20
58 60
43 -88
-52 64
82 86
43 90
-13 -16
-44 52
-15 74
-28 -27
4 37
89 -91
36 80
-87 -35
86 -52
-51 84
-37 -23
98 42
-15 68
65 43
96 -91
-98 79
30 29
92 -27
34 -2
86 -29
-52 -36
-59 -33
30 49
-77 62
99 82
78 33
36 58
27 -90
-15 13
-34 17
-92 29
-23 -6
34 -90
-22 -94
87 40
30 -12
-38 77
36 98
-65 31
-89 36
44 -97
43 -87
-70 -31
-58 72
-98 82
87 -80
-69 -32
-37 19
87 47
32 20
-30 -84
74 -42
-48 -10
-29 58
-78 28
75 53
1 30
73 -96
85 -37
-37 -35
67 6
-96 -95
53 10
-43 93
14 -84
-89 -12
99 -9
-35 27
-71 -15
61 40
98 -17
49 -27
-93 -67
18 0
-5 -41
34 23
-17 -34
52 63
-88 68
5 41
-67 -23
-56 -94
17 -14
54 -90
-35 -55
75 0
2 23
-33 -17
57 30
98 19
91 56
-3 -45
-18 -13
-95 32
39 2
15 -40
79 -81
6 20
-61 43
56 20
-21 8
-65 -50
-17 -67
-79 59
99 -31
-94 -19
70 86
49 -24
80 89
24 -71
-19 -79
-29 62
29 14
21 -18
-84 47
-56 -86
74 -22
-61 -17
21 -53
71 -52
-34 -55
33 -31
-5 -66
-10 92
-31 -70
39 -51
-81 27
-62 -42
-63 -28
20 68
12 38
42 -49
-75 92
6 -9
46 -34
55 33
-82 -25
63 -65
-13 -99
-34 -5
-76 28
-88 86
-93 94
95 -53
-61 81
-54 -52
26 -98
35 27
2 -18
-56 3
27 98
-54 -97
-26 -94
-69 43
64 -97
70 -65
-95 -75
44 84
26 56
-57 -70
96 -41
-48 64
-80 6
-94 -85
40 -65
32 -95
56 63
----
67 -74
-18 -91
12 -100
62 -49
-17 -64
-89 -90
-57 1
-42 50
-99 46
-62 -87
6 -32
45 -19
83 67
99 -85
-97 28
-30 65
-21 -58
-43 17
2 16
-56 -58
-32 45
75 -85
53 -91
-37 5
57 89
-66 86
66 42
-44 -1
-20 -100
-74 44
-99 47
-52 54
66 -54
30 -100
-57 40
-52 -16
2 95
45 61
-8 29
28 73
3 -6
-43 -87
-6 -17
98 36
86 58
-63 2
-10 -1
-59 21
-4 -79
-51 7
-22 -38
-39 -83
40 49
-16 71
97 -6
-94 50
-28 -48
-60 6
-11 -66
-40 -18
-53 94
-86 -15
3 46
93 -98
53 -76
-35 -29
-20 -80
-6 -60
-68 -60
-27 44
99 -74
39 -8
51 -14
-71 -62
-42 35
-69 -39
60 66
-41 -16
-52 76
14 94
56 -19
-82 72
-72 35
-30 -49
57 99
-26 -51
61 15
-17 -80
-45 22
33 -84
16 55
43 -82
92 -97
10 13
61 -90
92 -45
25 -22
88 17
-92 66
-37 -85
-84 78
-20 -41
-39 82
-1 -56
-17 -61
-71 26
-58 -3
-23 -100
38 -100
80 -75
-76 56
-10 47
-93 -82
23 -17
27 65
-89 -12
-41 18
-100 38
-26 -16
56 -90
3 -34
-70 22
81 -34
-87 -73
-99 87
79 -92
86 -63
91 -41
-12 33
-49 -58
-42 -84
17 18
-73 40
-34 24
-3 39
26 -47
-57 69
21 58
26 68
66 41
-95 -4
-18 39
85 -97
2 -79
27 40
-51 41
-68 14
52 -14
49 11
-6 -60
99 -12
30 -39
-39 26
65 -84
15 -68
33 20
67 10
-63 62
34 77
33 -76
-62 -55
97 56
-11 84
-80 28
-83 -65
-91 -86
-27 25
41 16
65 -80
-22 -42
-63 -15
5 -6
-93 29
74 22
-23 89
51 71
78 -30
-98 54
-9 73
71 -24
5 -64
99 -20
-78 18
-53 -59
68 20
96 14
-2 -26
86 52
39 2
49 60
-90 -3
-49 -73
-17 -63
-64 -98
22 87
-75 92
-52 -99
52 -100
-14 -75
-29 -12
-18 32
54 56
93 -63
-28 3
-16 -50
-86 88
-77 -89
-34 -92
84 71
97 85
-18 -56
19 80
-5 -97
-35 -3
21 85
-34 14
-70 -39
-23 -23
43 -5
-66 -55
65 33
18 -29
73 -64
69 -64
35 44
-84 14
-73 -14
-94 -63
-87 74
-39 89
71 75
81 -2
84 0
57 61
33 88
-36 -11
36 51
-80 49
25 -53
-93 -42
-66 -71
61 77
69 51
-14 44
-45 -61
-36 69
-67 -55
-26 89
51 -80
-13 -28
-21 -93
2 46
-20 26
77 -24
-34 -43
12 65
66 -97
54 42
-87 -96
29 -68
-87 -87
6 -6
23 -5
-45 -9
-24 -70
97 5
59 34
79 -73
26 -85
-4 -58
73 -91
-23 98
27 -1
-98 -70
-10 32
75 46
-9 -45
-42 -35
0 -92
-78 84
-29 -15
99 -65
-41 -94
-95 -68
-76 26
-85 98
7 -14
-42 -97
35 8
66 -76
-8 -75
-99 44
-46 -50
-86 4
-25 13
27 17
92 12
71 -13
-90 -58
38 21
-7 70
-94 63
16 77
-61 -96
96 -46
30 92
-58 97
-9 -55
-16 -46
80 -92
92 1
56 10
99 -2
-94 95
14 70
93 -7
69 -55
31 22
-82 -62
-72 -23
-89 -91
7 -79
83 34
-25 94
-80 25
-97 55
-39 29
29 91
-86 -5
63 -82
70 -56
-10 -74
-39 -64
-78 97
-34 68
-73 -54
-74 3
97 82
94 34
27 -36
-77 -89
74 88
66 -62
-68 -61
15 40
8 22
-26 -90
7 67
19 -19
60 46
12 -23
27 -49
-2 57
28 58
32 46
96 -21
68 -1
94 58
-31 1
-41 -78
-96 82
-19 26
-40 4
72 -84
95 -70
-38 13
74 80
52 45
-17 23
-11 -91
9 -26
7 69
43 -71
54 74
-85 48
-3 -83
-79 37
41 29
96 -99
91 94
85 12
62 1
-17 -17
4 87
46 -51
-26 46
-89 -51
13 30
-25 12
83 -69
49 97
-99 -53
32 -56
-9 -63
-61 -77
48 -18
31 -5
-76 96
12 -94
-15 -41
24 66
-72 65
-27 51
-94 72
-77 -89
-47 -16
-82 59
-55 88
11 14
68 -62
91 -33
48 22
0 92
-86 16
-75 17
-82 -31
-74 23
6 82
68 -65
73 81
-62 19
-87 -72
69 -36
-36 71
-51 -65
-15 97
-63 -54
-32 -43
-82 5
-35 -19
36 -11
46 6
92 84
-43 -6
-47 -38
-81 -24
40 87
-100 -29
-47 19
53 -65
28 -58
-34 89
-68 -79
-69 80
-46 -51
64 -38
70 -8
-56 48
73 7
-65 85
-93 69
18 87
-84 -92
-44 -50
-54 96
-97 -2
52 -71
52 -7
-77 56
-27 71
52 -23
-60 -97
-2 56
5 -53
42 -49
-2 45
-16 67
-72 59
24 -21
73 -77
64 81
33 -42
-55 -35
10 41
40 51
25 -84
-67 -36
-68 29
29 14
-11 -41
3 -91
8 94
-3 -42
-86 84
-100 93
69 43
82 -50
-93 71
43 81
58 -68
-54 64
7 90
25 -18
11 -81
35 -1
-70 -91
89 14
20 54
-27 39
60 86
-50 25
41 46
81 81
-67 83
-44 -40
85 47
56 -44
-87 38
1 17
-32 -85
46 94
-52 0
63 59
53 -32
30 -48
-2 -96
-79 71
81 20
-77 61
-91 43
-52 28
62 -25
13 -17
-47 33
1 81
-47 55
-30 44
-61 -44
-23 -60
83 -79
-72 64
-47 -96
61 81
25 84
-26 -8
15 40
8 25
66 -82
-69 73
87 -20
6 -80
67 48
99 42
34 -24
31 25
-57 83
77 87
15 -16
-26 58
13 32
57 -32
-42 -92
-34 12
-53 44
77 -79
-76 3
-47 3
15 -93
97 4
-96 -81
-54 -52
-47 48
-51 32
62 20
-91 -18
43 -27
-41 -46
22 -63
61 59
-18 -14
-5 89
-1 10
1 39
29 -26
-28 8
-14 70
53 -6
-14 8
-85 9
58 33
50 27
35 -6
-23 50
-57 98
80 -23
-55 -63
-78 18
24 -44
49 42
-53 10
-98 -12
-53 1
96 73
19 65
68 -86
-78 -49
-100 48
36 67
-46 -96
-67 50
-5 31
-6 95
-38 -52
47 -65
70 -71
58 -28
-38 -52
31 -38
-21 -66
-2 3
-69 -22
-70 66
-46 93
-63 -26
82 56
-98 45
9 -4
-85 -30
93 -48
-61 47
-75 -16
95 38
-45 50
89 52
-84 -27
-13 -80
5 29
19 -84
1 28
41 -32
-89 -27
-47 -87
-73 -88
62 66
-68 -40
-32 -73
94 51
-22 46
-17 -9
10 4
-96 -16
-43 8
-32 81
-60 80
76 98
69 -35
11 70
35 51
-69 81
11 -57
87 -78
19 55
-95 -40
-75 53
-49 72
33 -91
-82 -64
-37 27
-84 44
45 -55
72 82
90 -66
-9 -98
16 -77
-85 26
15 2
80 -34
17 81
64 1
3 -93
56 -13
28 -97
-35 59
-53 -26
7 -92
35 -14
-65 -35
-29 -96
-68 -15
-36 -98
44 -99
37 24
-44 -69
-71 51
19 -19
62 14
-59 37
-11 -15
-47 86
69 31
54 -59
16 -93
91 -71
-34 14
95 12
49 -21
-64 0
-37 54
49 -96
46 -67
30 -4
55 -75
-54 -80
-55 -3
76 86
50 -55
16 33
-53 2
-16 30
33 -73
64 14
55 -94
32 -17
-22 40
-26 34
35 -51
-60 35
-100 -42
-14 -9
61 71
84 68
38 -91
62 3
62 3
-48 60
-30 -81
-30 18
-31 -84
40 48
-8 62
42 4
-77 -58
-50 0
-95 80
32 89
-85 93
69 62
-57 95
76 46
-56 -71
20 75
-13 13
-37 16
79 21
-34 84
17 38
98 98
-71 -21
45 -5
58 -39
-3 82
70 -37
45 -24
-50 7
-25 -27
-61 94
4 -37
-58 66
-84 10
78 34
21 -16
14 48
-28 -23
94 70
33 63
-50 -20
87 82
31 38
-96 -76
68 86
-35 -29
-55 92
44 22
-67 35
55 -38
-37 -65
17 -76
40 -87
-33 -79
91 -33
-18 -21
74 12
-77 59
-93 22
31 4
62 91
42 91
-32 -51
-62 22
-97 49
-57 -41
-85 -29
-1 -86
62 62
-59 18
-30 83
-67 0
4 86
-4 32
68 84
14 11
-97 -49
-1 -29
-7 25
56 -10
74 45
-83 -59
-76 -78
-36 3
-88 -91
96 -55
-20 -88
-67 79
58 -59
-13 -18
52 5
53 -81
-65 31
-45 63
71 -72
21 -63
-94 50
44 25
65 92
-24 -19
21 93
20 59
88 -31
-69 90
-82 20
13 -49
-62 -27
37 -32
91 98
-94 -8
67 1
31 84
-13 59
-62 29
-32 7
-87 65
65 -95
60 59
85 94
-70 65
0 -36
44 -50
14 -30
98 32
-88 -25
34 66
86 83
14 -80
-38 35
-29 -72
-70 2
22 11
7 48
-15 -67
13 78
-18 96
68 -60
92 2
56 -20
-30 -83
60 6
16 93
72 -53
79 81
-9 39
-4 -50
22 -99
35 97
42 -67
43 66
84 65
-82 -66
92 38
98 46
91 -89
-36 81
-35 -46
-32 24
85 29
39 -41
68 4
42 74
-18 -68
-27 66
4 94
60 23
37 3
-67 95
-13 -18
-100 -66
-52 -68
90 -21
-25 15
84 -32
33 -90
-88 -87
-7 -17
97 -21
-77 -56
51 59
-36 -68
-59 96
-49 40
-56 61
-80 -27
-63 3
28 5
-90 35
14 -38
-1 67
-52 -95
-68 -6
82 46
-71 -47
6 53
71 -58
30 -60
70 -84
91 93
-72 34
-30 -77
-53 -40
73 9
-16 88
-27 -39
65 61
45 84
11 -42
99 47
-86 4
11 90
-46 -33
1 95
72 -12
34 94
44 20
-66 64
-4 -76
57 72
21 -27
-38 -60
80 -56
87 -90
-4 46
28 11
-83 -56
78 23
-77 -21
68 80
58 78
36 96
-47 -22
17 -56
27 80
-12 -13
1 -74
-75 41
-58 -30
-90 -90
-21 -9
-2 -74
59 -77
76 -1
42 10
41 -84
-45 77
-86 43
36 -35
86 1
27 42
-17 16
-43 -59
-90 90
-82 -63
-19 52
-31 58
1 -33
-21 10
-64 -70
1 -82
2 -84
-62 -28
-69 24
-88 -18
-96 76
-17 9
-18 36
-93 81
68 18
-87 86
-20 5
-72 89
47 -4
-25 46
-37 -74
----
-71 56
99 9
-60 -34
-23 85
-91 -14
77 35
-68 5
-32 60
-25 64
-41 -2
41 18
-84 15
37 97
88 -51
25 34
-52 -35
-81 78
47 27
9 73
-4 41
4 83
8 27
-92 44
-27 22
20 87
-79 11
-13 64
-15 10
39 -16
71 -57
-23 -72
-40 -26
-62 11
16 -47
58 41
-50 1
-32 18
93 57
-91 -11
6 92
24 -35
29 38
13 36
78 -46
-7 -64
87 -75
-98 -47
-37 -24
22 -67
-11 -4
-72 -81
64 78
36 19
-57 69
70 27
0 -51
77 79
18 -89
-1 22
61 1
33 -39
60 22
53 -76
-1 -86
-46 17
-65 76
-100 -91
63 5
1 50
-99 94
-7 -91
-17 66
35 38
-53 -78
34 -49
77 -100
-28 87
63 66
-42 -58
-76 11
-81 -72
14 -47
-8 24
-52 68
-85 -87
10 48
20 66
-93 24
77 94
86 -85
77 -24
-20 -97
40 -66
3 -88
-55 97
-54 -41
25 -11
74 -35
-5 -70
-27 -90
-11 -21
-93 20
41 -72
-21 5
80 -61
88 -37
-45 -92
34 42
47 10
12 -43
-79 -65
22 -82
67 -49
-77 -69
92 41
-72 47
20 76
26 -2
-31 59
-38 12
54 97
-68 -94
-92 83
-96 16
55 -69
17 84
18 -84
88 -47
56 89
53 -11
-95 -52
13 -61
-90 -59
42 -22
-18 -65
-27 88
-52 -100
2 -76
-97 15
-91 84
-54 6
-25 60
-77 -56
-71 4
87 -27
41 -20
-94 72
7 6
-17 93
95 66
-60 25
-66 19
58 29
35 18
13 64
-51 -60
79 69
-57 -2
72 53
-85 66
-88 -62
-10 -92
-6 93
82 -24
-8 96
40 -90
20 -57
44 21
-28 55
-99 -7
9 11
91 -77
-76 0
0 -64
29 -91
33 29
77 -71
54 -99
-66 -75
-75 65
47 -42
-75 16
-77 -62
20 36
-75 21
-75 -83
52 21
-43 1
-53 -33
84 93
-8 45
47 -17
-37 -89
-67 -10
-12 42
-14 -54
30 -65
45 -50
-15 -26
99 85
80 64
-89 -93
83 16
76 -45
72 -48
53 67
-59 -69
-27 -98
11 41
-48 -88
-95 -70
-53 -18
-65 79
-14 16
76 -94
-85 73
-33 99
-87 28
34 40
0 47
-66 77
17 -64
88 18
-95 -1
62 43
38 44
-79 87
79 50
17 28
71 -97
-70 -40
-21 65
-63 80
-1 -58
-83 44
-32 71
-60 5
77 -73
12 -89
-7 16
74 86
54 -68
-32 -29
51 -20
-81 -37
-90 -95
68 -3
17 74
-2 52
98 -92
-81 62
-18 -83
-25 67
3 16
-91 52
-63 5
-66 -46
-72 -57
6 -54
-3 66
-71 -81
-78 53
34 -38
-98 43
87 -97
29 59
-88 -15
-3 -89
4 36
57 0
67 -65
-30 -33
-75 4
70 13
-32 -27
-32 -49
-46 -68
78 -100
40 28
-17 -88
64 60
28 -94
-77 -22
-7 49
57 -83
39 69
-11 96
98 94
48 55
28 -71
-8 -11
-25 14
35 -23
4 80
6 -3
-29 76
-48 45
36 -93
7 -36
-56 47
-89 -80
55 -50
34 -2
62 -42
-67 84
-49 84
-100 -46
19 -25
-16 -86
-30 45
73 13
-58 -40
46 63
17 43
-41 91
-14 -16
11 80
-83 -29
33 -76
79 -63
15 -54
46 21
-55 -14
75 98
-75 -39
22 -7
93 -2
74 -2
78 -5
4 71
80 -82
98 -59
-3 66
-27 -81
-64 -53
41 -41
-66 -67
-71 26
66 20
-86 -41
87 19
18 98
-32 93
-10 -88
-95 19
-7 -62
20 -93
-44 -3
-53 4
-76 -22
-88 56
61 77
19 -38
-42 60
-32 -53
31 -43
-20 -56
84 -39
0 99
72 3
-24 -40
-87 17
54 3
39 -74
76 32
-22 -39
-4 35
-53 -70
57 40
-21 -94
35 30
43 57
88 -64
57 -25
-77 95
97 -53
32 20
-98 51
42 -56
-77 -85
22 -69
83 36
69 -31
60 44
97 53
3 59
20 66
68 45
16 -45
28 18
46 -36
-97 81
35 -69
29 76
33 -5
-12 13
17 -37
-17 3
46 -93
88 18
-25 -88
-23 -30
-8 -63
27 65
52 -44
-66 -14
15 4
-31 -42
-72 -98
-100 38
40 84
-89 2
-36 89
-58 -44
-17 -36
99 9
-34 -90
-57 33
86 33
-11 -3
3 64
-76 -24
-40 -99
98 -88
94 -76
-25 43
-93 -50
78 -10
-100 75
-95 2
94 -30
-19 -13
-43 25
-81 5
-39 35
-28 -5
13 2
-66 75
60 35
-59 -38
91 -70
-38 -41
88 -44
1 -84
-69 52
32 -90
27 86
3 -67
-18 36
-82 34
82 -7
50 -42
52 79
-71 4
-84 -98
30 -35
33 42
11 64
-92 -78
-2 -99
-77 -97
-27 9
-98 -39
67 27
99 -99
-8 -77
16 7
-20 -2
-21 -97
6 -92
-74 97
99 -72
-79 -33
-24 85
-25 38
-76 -40
-63 -83
10 78
-81 -59
-44 -9
-88 2
4 -85
10 7
48 -74
-39 -88
-15 -96
15 -11
74 -74
-96 -56
-13 35
84 81
-49 -40
76 -69
85 -1
96 1
-22 -63
47 -85
96 24
-8 83
18 14
19 -50
24 -38
-47 -81
45 47
-58 -16
74 75
54 20
6 -70
-50 -56
-61 -22
21 -51
-70 59
34 -53
-43 -1
-7 -50
33 -80
25 73
-85 34
-43 89
-93 56
-14 -63
-44 11
26 3
-17 -74
9 65
-27 -52
44 -60
92 -30
-80 64
27 -94
62 -54
-46 91
50 54
-51 80
5 72
73 -39
-64 -18
92 -17
92 18
-68 -69
63 -69
89 27
77 -15
-25 -15
81 45
13 -7
-39 -99
93 -60
83 -36
60 72
-47 3
21 36
92 -88
-89 -39
-52 8
-23 1
31 -4
-58 31
-44 26
-86 -35
-21 64
98 59
-42 -20
99 -65
-11 52
0 27
57 -40
77 -40
9 -47
35 64
-27 -87
-63 -28
-33 -88
61 64
58 -38
83 -44
-50 -5
-7 -11
4 61
-23 12
-88 75
72 -4
-92 50
44 -30
18 81
-79 -98
91 -50
92 -35
27 26
-9 -54
18 -66
-23 -74
68 -57
-23 -38
67 -12
56 47
75 -78
51 -3
-60 40
-36 17
-32 -10
-54 77
-60 80
-35 99
2 -73
62 78
-30 -69
94 77
-2 46
27 65
-27 -19
3 -70
-75 -27
-73 68
-2 -6
-76 86
-38 74
78 -73
88 -1
85 87
78 -23
59 39
26 78
-23 43
-72 73
98 -6
-88 -1
-56 86
87 -84
51 67
53 -4
1 -93
-98 75
16 -5
-47 66
89 98
60 40
86 95
22 63
3 -53
95 -17
40 25
-5 30
73 63
30 91
-60 72
48 -82
-66 -19
76 51
37 50
-38 82
-11 -38
84 99
34 -28
12 -52
-36 -77
12 4
71 -31
56 76
12 -28
-99 52
65 -38
25 -84
-50 41
5 4
-81 70
-74 52
85 -87
94 -23
40 -5
96 1
-50 -19
27 -84
-40 -57
-54 65
25 99
-61 -35
49 9
-83 -73
36 68
49 92
66 -93
-72 -7
97 59
19 58
-25 -22
-65 -84
-24 0
2 -17
34 9
56 -93
-5 40
79 -81
30 60
-97 -24
96 66
41 72
46 -97
34 -57
-47 -67
-81 0
24 -12
-10 -53
64 -77
89 -52
-94 33
-8 -73
-89 41
-3 -75
-72 -91
63 -64
55 -58
62 8
37 -38
-31 -28
65 -42
-70 1
-11 -45
-18 -94
-50 32
-45 7
71 55
-31 -38
-27 13
60 -95
6 9
-85 -56
-31 82
44 -19
26 81
9 1
54 16
-17 48
3 90
37 56
-42 -10
75 -4
53 -44
-36 -100
73 -1
-65 -77
2 -37
65 -44
-57 86
-69 6
10 -99
-20 -31
-78 53
52 -45
-28 21
59 -18
76 -96
46 -84
33 19
-10 -87
18 44
8 -74
45 -14
99 -10
50 -74
4 16
59 -70
-54 -43
-91 6
-27 -100
3 -91
28 -49
40 52
-53 -3
17 49
22 24
-4 -83
88 66
-7 -46
23 35
53 -38
4 -55
-83 -58
23 45
58 -11
-94 -73
-55 -11
10 8
-85 -44
-15 92
-61 1
73 -99
3 79
-80 41
-59 -21
64 55
82 38
-54 -59
5 -17
-66 -3
-71 1
39 -72
42 -5
-21 -94
7 -20
51 -64
68 30
-5 -48
-12 2
41 -63
-79 82
3 -22
24 -49
-55 7
-57 -31
-97 32
-79 88
63 38
61 45
-42 -92
0 -86
-67 61
28 27
86 -48
-58 94
52 -98
41 97
-24 -53
97 -39
3 -10
-50 71
62 -63
-24 -82
-85 80
67 57
-10 43
-57 32
36 -93
48 41
49 97
-35 92
-36 -51
17 -100
90 -77
11 15
40 0
-59 68
58 28
-48 95
-16 9
11 -95
-16 -16
4 -92
58 -92
-39 -31
-1 -44
11 6
-75 -43
7 13
20 -24
-73 92
-32 -49
-83 89
1 -25
74 -93
54 52
-43 -60
-15 -41
8 80
44 8
-58 82
61 -58
-84 -16
89 35
42 1
-79 38
-25 -92
-19 19
37 -67
-34 14
6 -17
-66 -46
14 46
98 -29
-80 65
48 27
68 -88
-67 -55
-70 -75
-66 33
-100 65
32 -28
85 -84
-23 -52
58 65
22 -26
13 -70
-99 59
47 6
28 -30
-15 17
15 77
52 -6
69 -38
74 -64
-12 11
98 33
13 40
50 62
-32 -3
-32 50
12 -46
-57 -26
-87 38
-90 -26
-2 23
-4 64
-52 -18
-50 55
19 -10
-54 -86
-27 22
-24 -90
-24 79
16 -39
-92 85
-63 -70
-99 34
-96 -40
33 -22
-20 -70
-48 0
37 65
-86 -66
-15 -69
-10 94
-57 77
-49 -46
-23 90
78 -67
97 -66
-78 49
-34 13
-15 -34
63 13
-23 90
-79 -60
-90 -85
61 73
84 11
95 -59
-6 -16
70 -87
42 -40
79 46
-43 -86
-18 0
-20 -54
-92 3
-67 -76
-21 48
-29 71
53 -1
73 -98
67 -65
-8 4
-94 -34
-63 56
40 37
78 -48
71 -75
-14 -84
-44 -37
8 21
59 63
-93 -42
39 60
-68 -54
70 22
31 -29
-60 39
-8 44
-46 53
-93 -85
-37 24
6 -30
25 81
-48 -47
-38 -45
15 -11
91 -49
-58 -96
-72 -67
64 -54
-67 90
86 -82
-94 7
-88 -69
33 42
61 3
-45 -8
-43 -65
-43 36
33 58
7 78
----
84 14
-94 -59
-21 88
-4 -12
15 -80
88 61
81 -27
38 -12
-36 -83
68 -79
19 20
-7 -88
-67 -2
93 -93
46 -9
0 -95
39 -46
-95 -29
-89 64
-73 -77
35 -55
-74 40
14 -6
11 84
-4 69
-29 15
89 -14
-41 -36
-79 94
-93 81
94 -12
41 -76
20 83
-78 26
-33 -34
-24 0
90 45
-15 -26
-6 52
-3 39
87 -91
10 77
-80 84
-85 -47
95 41
-50 -84
56 -54
-72 -54
3 -98
-80 31
-29 84
17 -70
-8 71
25 -56
-100 84
69 -32
-3 -32
94 85
78 64
-97 35
67 69
30 25
-84 -41
43 43
16 -61
71 -8
32 65
-33 -98
-9 -20
-16 -51
-41 71
-48 -89
71 81
19 -12
-48 -57
-32 38
98 -16
64 2
-47 91
-87 -67
-73 81
28 60
-87 -23
36 31
-100 91
-6 -3
-20 54
-24 95
16 19
54 -66
40 -45
-9 -27
71 -68
-7 -53
-99 65
48 -1
-34 -50
-79 -23
-57 -8
98 -6
-55 87
-13 -40
49 70
-42 -57
-92 68
85 34
-63 78
-7 71
-11 -46
89 81
83 -12
30 -65
-58 94
-70 -71
33 99
52 -76
21 -41
89 52
68 -70
24 -100
73 -50
-61 -68
80 -87
-38 -12
57 -51
87 88
2 -84
10 56
-43 -48
-82 55
40 -72
10 -92
-84 61
-87 77
89 40
-97 -41
30 88
-93 33
-51 -2
-45 -72
31 42
-28 -17
-88 63
21 4
49 -68
-6 16
-88 69
-40 45
39 -70
-85 -82
-100 -16
-2 -83
-54 28
-42 14
-91 76
7 59
97 89
-77 97
56 -73
96 -48
-61 9
-72 57
-55 -14
-54 61
28 -39
94 -82
-18 -64
-72 -53
-57 -46
-64 -17
5 -93
-6 73
24 35
19 -77
45 -38
89 12
-66 63
79 -10
-44 40
71 59
-18 -4
85 48
82 -12
-23 60
60 75
53 1
90 12
47 -68
-85 -45
-67 10
67 -78
-85 -35
-28 -19
84 19
-43 38
91 3
-17 -24
-99 -91
-79 46
90 -65
-42 58
-37 70
8 -13
21 21
-84 47
-25 -99
7 -40
91 -41
-20 20
-25 0
4 58
3 -78
84 -50
-83 13
11 37
-90 -31
-36 97
-48 -91
59 -55
56 84
60 -37
2 10
-38 90
95 -77
-15 41
28 1
-30 -10
31 -1
-46 -60
86 -42
-30 -93
-90 -22
36 -95
36 10
-92 81
0 -65
63 -9
40 -60
-45 93
59 94
-45 94
-72 69
-91 8
98 73
-35 52
55 18
-41 -2
14 52
-47 -76
73 -43
-47 -15
-85 3
-60 -8
38 79
50 -10
-56 -40
-20 92
-97 -24
79 -60
-32 -72
-94 62
-56 -45
-74 81
76 -36
77 87
87 -70
-80 2
40 69
79 25
28 16
69 -81
-77 75
7 -5
-62 -33
-5 -63
73 -88
55 44
-50 -10
-59 59
-23 -41
16 -27
-98 62
3 -86
-61 77
-49 -67
-3 -47
11 52
-42 87
39 -31
47 31
43 9
69 39
-87 74
-26 -25
-48 -50
28 -81
-52 -31
-100 -4
-83 -40
-29 -7
-45 -40
-85 -39
40 19
1 -97
-14 -38
51 72
-89 45
15 -93
4 -37
48 29
39 64
25 -99
5 -23
-95 -58
52 62
69 -22
97 -46
-24 -17
-7 7
98 -6
-27 -30
89 89
-2 55
-93 2
54 92
91 54
11 42
54 -10
34 -86
56 -37
13 -41
-49 23
-7 -28
74 57
-31 -68
13 96
-36 -46
-44 -32
74 35
2 49
-31 3
-12 59
70 -85
66 -45
0 85
48 -21
51 34
80 -86
-81 -35
-4 -74
80 -50
-68 21
-21 95
-11 -43
-14 -15
15 99
11 -94
93 -90
71 -8
53 -23
5 19
-43 -16
-16 -66
-56 30
-26 -58
-51 9
-61 -24
68 -81
-30 66
-20 75
25 9
69 -86
-31 49
67 45
41 69
-58 26
11 -82
20 -39
92 48
-63 -55
50 59
83 -56
-65 -94
59 -65
-63 74
40 -96
-88 78
52 95
49 -58
-85 35
-34 -1
88 4
99 22
97 -80
55 7
-74 22
29 -65
-76 66
26 25
79 -37
89 32
8 66
-71 -62
14 33
-34 24
12 50
33 2
78 -50
70 -22
-56 12
-92 39
-21 30
48 -83
-25 77
53 85
-31 -76
-38 52
45 33
91 -79
-26 60
-92 -37
54 -69
95 -25
89 -73
-44 74
95 -53
-20 -33
-46 -50
-48 78
-82 -88
62 37
80 -20
-45 -13
-13 81
56 -56
-41 48
-96 -16
4 45
84 -52
34 -28
-72 -52
20 79
90 -79
43 95
-3 -5
-20 -87
-97 -38
97 -30
-18 -27
76 7
88 -92
-30 -89
14 -54
-57 96
62 9
-35 -96
-57 46
84 14
-83 -99
-11 -67
43 -9
-17 -40
64 -54
45 42
-14 -66
-38 10
-29 -73
-17 -81
77 9
-36 44
78 47
-67 88
-70 -24
69 -44
-22 -17
-47 -19
84 42
63 -4
25 -90
-53 -32
0 0
10 28
-53 54
32 -84
-37 64
37 7
36 45
-46 96
-42 -5
-70 -13
-24 -11
-36 -98
80 80
26 28
-37 86
-6 67
-38 96
-57 -22
-64 4
41 -25
43 53
93 13
45 45
44 -62
-12 67
-62 -70
79 59
91 -90
-64 7
47 -34
-72 -97
52 -24
-31 70
-55 40
1 76
59 54
53 55
44 22
-4 50
-44 -65
-65 -12
-60 -4
48 -36
87 2
-96 -68
-59 29
56 -26
-53 39
-99 16
-57 75
0 -96
36 12
-93 -16
-24 -76
-86 -31
14 -15
-50 12
-70 40
63 -44
28 -95
82 42
36 -31
34 -70
97 -21
8 -95
21 79
6 -20
35 -69
51 28
-12 -37
88 63
-13 35
18 56
-22 -56
-57 7
75 44
88 -62
93 57
-33 -33
77 77
-14 96
16 -91
47 35
78 69
77 98
88 -65
67 -36
-83 -82
-46 -100
51 78
52 53
-64 -99
-71 76
90 -32
-13 77
63 -16
50 11
77 91
-53 -22
87 82
77 8
-33 -56
18 40
77 24
-79 75
2 -33
16 99
-76 33
60 14
80 70
44 10
-18 99
-66 4
-15 -45
-14 -75
70 76
-87 68
-100 -57
-15 91
-18 -12
99 -35
-53 12
-25 -4
67 50
-14 -57
-69 32
-3 -84
-63 -33
-75 -33
-91 -86
-45 21
-63 96
-96 25
-47 47
98 80
-53 68
-68 -8
71 -21
-37 70
24 38
36 34
68 -57
93 -62
-21 96
30 33
-82 -82
81 -32
-67 -22
-73 -50
8 49
-58 -80
51 5
96 -37
0 -95
-55 58
-97 -45
43 -29
-23 20
52 94
-98 65
-54 -43
-83 -35
62 -71
86 63
-41 -7
-49 -88
-38 74
-5 16
83 -37
-53 30
37 -26
51 72
29 63
-26 9
90 12
25 -67
-53 42
2 85
-98 -14
43 66
-24 36
46 52
6 91
92 68
76 61
37 -11
47 -28
-73 72
5 -55
35 99
55 -23
72 46
67 -82
64 20
-28 9
13 -4
19 -20
-46 -99
28 99
-35 38
70 5
33 -71
75 -64
-15 75
14 30
-21 57
50 43
-89 99
63 99
84 -12
-74 -28
-4 -33
-53 -60
69 -34
-82 -74
-56 6
79 97
-72 -51
43 43
71 30
33 89
-94 41
-71 56
46 76
-31 -45
-62 28
-86 77
11 -2
-92 -35
82 34
-34 -82
56 -13
-14 72
77 53
15 61
-45 -80
-73 -47
55 -63
-35 55
-63 -10
-6 93
97 63
88 15
-8 -98
-15 29
-59 -23
60 -63
-36 14
-67 18
-46 -43
79 92
-40 8
99 -83
0 60
-78 -26
-68 -47
-72 -9
-60 -27
-79 92
-1 71
-20 74
-33 85
20 77
-40 90
89 -60
-97 47
0 80
11 1
32 -11
63 70
-86 32
80 -89
-3 88
-51 -32
96 90
-8 -60
-81 -17
76 -96
24 -25
88 -78
57 10
70 81
-30 -15
52 -52
80 38
40 32
-72 28
56 48
93 -44
-13 31
27 91
94 98
48 63
28 -83
-97 7
76 -44
1 41
-87 4
61 99
41 -89
-65 -99
-12 -43
-50 60
-89 -10
26 -72
-90 -32
87 -44
-6 66
15 72
-67 6
57 35
-56 -28
62 -17
-70 -13
14 -48
86 94
14 -24
-5 26
2 36
48 87
51 -63
-10 74
-4 7
-32 -55
-54 -53
88 89
66 -66
-46 0
56 -85
-5 66
30 24
75 -26
-59 -84
54 11
60 68
-37 79
-77 -55
55 19
-56 -31
75 -46
-86 85
-59 -33
-36 97
-73 -20
-79 95
70 -14
-60 82
-43 -73
-39 -84
33 -20
53 57
-16 -23
84 -92
65 20
-22 35
-44 -14
-60 -59
51 44
-18 8
-91 -57
88 -27
-10 65
97 76
39 -59
88 28
-43 -73
36 -5
0 -43
0 63
-17 -45
-69 7
-99 -14
38 -17
-54 99
-70 12
44 53
-94 -11
-8 -21
-34 19
-20 -92
-31 24
31 50
-23 -71
50 45
40 -7
-57 18
-76 54
-88 -20
-28 -96
-74 13
29 40
-90 -24
84 3
-80 -54
-98 -80
90 81
-17 -25
86 7
75 -49
-92 9
33 1
-42 37
-32 -74
28 -48
-23 -88
-93 -38
-8 66
-22 29
14 -45
65 73
-92 3
42 19
2 -38
-66 49
68 4
4 -80
95 17
79 -73
-19 -27
-93 58
74 68
69 90
-87 28
-12 17
96 -44
92 20
-15 -65
1 -70
59 38
-66 -94
91 79
-16 72
7 86
-34 75
86 -49
-53 -59
-53 -93
98 -60
33 52
6 74
73 17
52 11
12 84
35 60
-85 49
-32 43
-62 -100
66 95
-17 97
-17 -74
-39 13
30 45
-91 50
-28 -23
-64 -39
-3 -94
-69 -41
-67 -27
-74 73
-40 23
-49 6
59 -63
82 4
-98 -53
-59 -97
56 36
-31 -20
13 -41
86 -93
1 61
11 -43
23 54
-49 -39
11 79
66 -7
68 10
36 60
74 54
53 -7
62 4
48 -75
-64 -67
4 60
37 50
46 73
-13 -81
-29 -2
-89 93
82 -96
85 21
93 -77
-20 48
-66 -55
99 9
5 58
6 -7
-56 97
-87 -15
-79 -10
-50 -9
24 60
-67 93
-95 48
-61 -62
48 81
72 49
7 -59
11 25
45 -12
98 -41
61 -72
-55 87
-33 93
75 -27
-15 26
72 -9
54 -6
97 -68
90 -13
42 -14
----
1 1
1 5
5 1
5 5
----
1 1
5 1
5 9
9 5
5 5
3 2
5 3
----
2 5
3 1
4 3
8 2
8 -1
----
-----