500638097
499221805
498789493
500024188
500914592
501445824
499964867
497861216
498543425
497640612
496037912
501736041
500080894
500045696
499500312
498855085
500452287
499653549
499816623
495603755
497106134
499390802
500127965
500338631
498614202
496730799
496065739
496433935
498961086
497078493
498792661
502280220
501942721
500686319
499124160
501820617
497861041
501025938
502437954
500184515
497861731
499788781
501780251
499624992
501100985
497853686
497379636
497441734
501768363
500406969


29693
