499294060
4880
971
299572582
9906
438220
250863561
60168813
222457136
14401173
497698
50323
10070629
474446066
249598061
2348542
14535352
50259341
504170924
374110846
125808154
513666
120116228
125202566
249109935
424024
250081
16482
253364699
872303312
1936
2470
25836990
763007
35323
1281391
1493443
498855595
499525528
496818948
497195831
500338232
499525771
501284109
503315501
502222012
500024447
497889514
495357477
500121498
501395810
498541740
499640604
498692841
501817861
500383791
503427286
497430157
39995791
