498325431
502277219
497537470
496891428
500063111
498665634
499878663
497901374
497250048
500432568
500293159
500953304
499426172
501775427
499669743
498753858
503129445
499966027
496706138
498798325
499879542
497921459
499604574
501063388
502636940
502995222
498898130
498580387
498671230
499939261
500175471
498133537
494830571
501442177
496827126
497442291
501194263
494936998
497690866
500348713
500336221
498540892
500513523
501066328
503651868
498705245
497686956
500853004
500079958
500891263


27430
