502179965
503879229
500506853
501495814
499662030
498042770
499904734
505248562
498047667
502746898
499993140
496695328
497333787
501809445
501493723
499983140
502208467
499630697
497846968
498741526
501791246
500015087
500142647
500374323
501440194
498389384
500336856
500817532
499664235
500486337
498441778
496538469
502717878
498238778
499247220
504920679
498392837
502223053
496096040
498900773
501807203
503025922
502324785
504000409
502516054
498600845
496325314
497572454
500727862
500033595
