498325431
122
502277219
122
497537470
122
496891428
122
500063111
122
498665634
122
499878663
122
497901374
122
497250048
122
500432568
122
500293159
122
500953304
122
499426172
122
501775427
122
499669743
122
498753858
122
503129445
122
499966027
122
496706138
122
498798325
122
499879542
122
497921459
122
499604574
122
501063388
122
502636940
122
502995222
122
498898130
122
498580387
122
498671230
122
499939261
122
500175471
122
498133537
122
494830571
122
501442177
122
496827126
122
497442291
122
501194263
122
494936998
122
497690866
122
500348713
122
500336221
122
498540892
122
500513523
122
501066328
122
503651868
122
498705245
122
497686956
122
500853004
122
500079958
122
500891263
122
